1454360437 64
1454361204 68
1454361390 68
1454361407 69
1454361439 69
1454362136 69
1454362338 79
1454362391 79
1454427553 81
1454428042 81
1454444687 81
1454445242 81
1454445326 81
1454692263 81
1454692299 81
1454693680 92
1454693712 93
1454695377 109
1454695410 130
1454696022 138
1454696153 140
1454696352 140
1454696410 152
1454696439 140
1454696985 138
1455303026 147
1455731391 153
1455898215 153
1455903022 155
1455903924 156
1455904155 172
1455904513 172
1455905304 187
1455906011 187
1457046654 13809
1457716675 14236
1457718268 14322
1458861614 14280
1458862221 14280
