1448489880 0 0 1
1448490147 0 1 1
1448500335 0 2 1
1448500348 0 3 1
1448500667 0 4 1
1448500782 0 5 1
1448501322 0 6 1
1448501534 0 7 1
1450369317 0 8 1
1450411272 1 8 1
1450412250 2 8 1
1450458749 3 8 1
1450575916 6 8 1
1450974216 6 8 2
1451145122 7 8 2
1451145309 8 8 2
1451145970 9 8 2
1451148845 10 8 2
1451320398 10 8 3
1451352252 11 8 3
1451445447 12 8 3
1451593320 13 8 3
1451615613 14 8 3
1451674655 14 8 4
1451697585 15 8 4
1451697965 16 8 4
1451786663 17 8 4
1452028334 18 8 4
1452147576 19 8 4
1452366195 20 8 4
1452366314 21 8 4
