1391867416 423
1391867536 766
1391867778 766
1391875640 766
1391875702 704
1391875992 704
1391876157 704
1392074011 860
1392074025 542
1392422719 533
1392430591 535
1392525254 515
1393163837 537
1395150316 553
1395173461 557
1395538007 573
1395538203 573
1395560549 8726
1395598653 8723
1395599742 8731
1395706290 8768
1395706455 8768
1395712609 8777
1395713834 8768
1395717340 8803
1395721904 8770
1396202162 8810
1396202195 8810
1396203058 8850
1396589652 8900
1396677763 8916
1396720075 8963
1396722420 8982
1396722436 8984
1396723240 8970
1396732091 9039
1396732105 9031
1396732343 9015
1396734096 9023
1396734206 8954
1396734975 8954
1396734978 8956
1397351660 8985
1399184998 9088
1399932793 9125
1399954113 9153
1399995976 9149
1400394623 9154
1400398884 9196
1400399114 9196
1400645582 9224
1400730114 9272
1400736494 9326
1400797045 9404
1400905627 9412
1400906102 9411
1401228810 9412
1401580913 9425
1402353699 9519
1402360866 9526
1402696828 9559
1402949755 9604
1402979157 9596
1402989516 9663
1403035580 9740
1403046724 9751
1403055456 9742
1403055463 9750
1403135096 9783
1403162626 9869
1403162728 9884
1403164667 9896
1403312106 10012
1403312523 9999
1403373642 10124
1403374011 10217
1403375200 10223
1403376676 10149
1403376985 10149
1403377405 10149
1403836751 10120
1403836774 11315
1403929027 11380
1403929248 11381
1403929952 11382
1403930009 11381
1404593050 6793
1404631803 6876
1404674467 6879
1404674491 6891
1404692790 6876
1405293082 7172
1405293101 7195
1405357870 7208
1405357874 7220
1405364532 7245
1405495031 7270
1406770711 7326
1406770862 7065
1406864903 7071
1407003199 7093
1407095955 7141
1407118886 7158
1409809230 7175
1409809270 7165
1409810561 7164
1410803606 7284
1410803699 7544
1410912955 7505
1410913920 7502
1411061928 7551
1411061940 7551
1411062262 7542
1411064622 7568
1411064688 7568
1411079596 7568
1411134845 7595
1411134978 7595
1411140543 7613
1411181819 7613
1411181831 7621
1411303662 7638
1411402368 7638
1411420531 7641
1411447075 7641
1411865869 7661
1411866417 7664
1412951200 13271
1412951276 13325
1412978914 13328
1413597326 13460
1413597855 13443
1413598659 13436
1413600051 13459
1413677492 13430
1413680803 13420
1413807279 13479
1413821761 13479
1413821772 13420
1414029905 14095
1414031018 14092
1414031136 13420
1414038357 13420
1414084693 14160
1414251182 14277
1414261814 14297
1414266459 14300
1414266699 14300
1415631065 14501
1415647306 14504
1415647665 14505
1415720550 14110
1415721596 14110
1415722906 14111
1415723410 14111
1415732631 14111
1418533389 14064
1420736110 14064
1420736129 14063
1420736778 14067
1421463077 14108
1421463089 14112
1421470195 14112
1421470210 14112
1421508636 14119
1421759809 14131
1421760059 14136
1421760163 14136
1421760209 14136
1425418587 14136
1425580124 14141
1425580497 14144
1425580600 14146
1425939554 13937
1425940144 13937
1425940822 13939
1425940951 13969
1426020349 13969
1426050296 14074
1426050887 14079
1426052131 14079
1426052235 14079
1426398118 14089
1426398647 14089
1426454741 14089
1429570085 14124
1429982890 14124
1430548894 14152
1432364704 14261
1455399483 81758
1457457144 81760
1457457761 81760
1457480274 81760
1457481004 81760
