1391221713 0 0 0 0 1 0 0 0 0 0 0 0 0 0 0 0 0 0 0 0
1391222637 0 0 0 0 2 0 0 0 0 0 0 0 0 0 0 0 0 0 0 0
1391222736 0 0 0 0 3 0 0 0 0 0 0 0 0 0 0 0 0 0 0 0
1391972410 0 0 0 0 4 0 0 0 0 0 0 0 0 0 0 0 0 0 0 0
1391978202 0 0 0 0 4 0 0 0 0 0 0 0 0 0 1 0 0 0 0 0
1391978421 0 0 0 0 4 0 0 0 0 0 0 0 0 0 2 0 0 0 0 0
1392006485 0 0 0 0 4 0 0 0 0 0 0 0 0 0 3 0 0 0 0 0
1392131632 0 0 0 0 4 0 0 0 0 0 0 0 0 0 4 0 0 0 0 0
1392133162 0 0 0 0 4 0 0 0 0 0 0 0 0 0 5 0 0 0 0 0
1392133365 0 0 0 0 4 0 0 0 0 0 0 0 0 0 6 0 0 0 0 0
1392133476 0 0 0 0 4 0 0 0 0 0 0 0 0 0 7 0 0 0 0 0
1392133621 0 0 0 0 4 0 0 0 0 0 0 0 0 0 8 0 0 0 0 0
1392133737 0 0 0 0 4 0 0 0 0 0 0 0 0 0 9 0 0 0 0 0
1392173134 0 0 0 0 4 0 0 0 0 0 0 0 0 0 10 0 0 0 0 0
1392268666 0 0 0 0 5 0 0 0 0 0 0 0 0 0 10 0 0 0 0 0
1392339526 0 0 0 0 5 0 0 0 0 0 0 0 0 0 11 0 0 0 0 0
1392339581 0 0 0 0 5 0 0 0 0 0 0 0 0 0 12 0 0 0 0 0
1392340019 0 0 0 0 5 0 0 0 0 0 0 0 0 0 13 0 0 0 0 0
1392340559 0 0 0 0 5 1 0 0 0 0 0 0 0 0 13 0 0 0 0 0
1392340651 0 0 0 0 5 2 0 0 0 0 0 0 0 0 13 0 0 0 0 0
1392340855 0 0 0 0 5 3 0 0 0 0 0 0 0 0 13 0 0 0 0 0
1392341652 0 0 0 0 5 4 0 0 0 0 0 0 0 0 13 0 0 0 0 0
1392342224 0 0 0 0 5 5 0 0 0 0 0 0 0 0 13 0 0 0 0 0
1392618186 0 2 0 0 5 5 0 0 0 0 0 0 0 0 13 0 0 0 0 0
1392618626 0 3 0 0 5 5 0 0 0 0 0 0 0 0 13 0 0 0 0 0
1392667588 0 4 0 0 5 5 0 0 0 0 0 0 0 0 13 0 0 0 0 0
1392668172 0 5 0 0 5 5 0 0 0 0 0 0 0 0 13 0 0 0 0 0
1392668263 0 6 0 0 5 5 0 0 0 0 0 0 0 0 13 0 0 0 0 0
1392676880 0 6 0 0 6 5 0 0 0 0 0 0 0 0 13 0 0 0 0 0
1392676974 0 6 0 0 7 5 0 0 0 0 0 0 0 0 13 0 0 0 0 0
1392686025 0 6 0 0 8 5 0 0 0 0 0 0 0 0 13 0 0 0 0 0
1392686324 0 6 0 0 9 5 0 0 0 0 0 0 0 0 13 0 0 0 0 0
1392689529 0 6 0 0 10 5 0 0 0 0 0 0 0 0 13 0 0 0 0 0
1392689583 0 6 0 0 11 5 0 0 0 0 0 0 0 0 13 0 0 0 0 0
1392768850 0 7 0 0 11 5 0 0 0 0 0 0 0 0 13 0 0 0 0 0
1392776291 0 7 0 0 12 5 0 0 0 0 0 0 0 0 13 0 0 0 0 0
1392948523 0 7 0 0 12 6 0 0 0 0 0 0 0 0 13 0 0 0 0 0
1392953751 0 7 0 0 12 7 0 0 0 0 0 0 0 0 13 0 0 0 0 0
1392959894 0 7 0 0 12 8 0 0 0 0 0 0 0 0 13 0 0 0 0 0
1392960955 0 7 0 0 12 9 0 0 0 0 0 0 0 0 13 0 0 0 0 0
1393007351 0 7 0 0 12 10 0 0 0 0 0 0 0 0 13 0 0 0 0 0
1393016710 0 8 0 0 12 10 0 0 0 0 0 0 0 0 13 0 0 0 0 0
1393179858 0 8 0 0 13 10 0 0 0 0 0 0 0 0 13 0 0 0 0 0
1393179959 0 8 0 0 14 10 0 3 0 0 0 0 0 0 13 0 0 0 0 0
1393184473 0 8 0 0 14 11 0 3 0 0 0 0 0 0 13 0 0 0 0 0
1393185063 0 8 0 0 14 12 0 3 0 0 0 0 0 0 13 0 0 0 0 0
1393186004 0 8 0 0 15 12 0 3 0 0 0 0 0 0 13 0 0 0 0 0
1393186041 0 8 0 0 16 12 0 5 0 0 0 0 0 0 13 0 0 0 0 0
1393187264 0 11 0 0 18 19 0 6 0 0 0 0 0 0 13 0 0 0 0 0
1393187383 0 11 0 0 18 20 0 6 0 0 0 0 0 0 13 0 0 0 0 0
1393188263 0 11 0 0 18 21 0 6 0 0 0 0 0 0 13 0 0 0 0 0
1393189859 0 11 0 0 18 22 0 6 0 0 0 0 0 0 13 0 0 0 0 0
1393191880 0 11 0 0 19 22 0 6 0 0 0 0 0 0 13 0 0 0 0 0
1393222116 0 11 0 0 20 22 0 6 0 0 0 0 0 0 13 0 0 0 0 0
1393282694 0 11 0 0 21 22 0 6 0 0 0 0 0 0 13 0 0 0 0 0
1393282703 0 11 0 0 22 22 0 6 0 0 0 0 0 0 13 0 0 0 0 0
1393282898 0 11 0 0 23 22 0 6 0 0 0 0 0 0 13 0 0 0 0 0
1393283083 0 11 0 0 24 22 0 6 0 0 0 0 0 0 13 0 0 0 0 0
1393283361 0 11 0 0 24 22 0 7 0 0 0 0 0 0 13 0 0 0 0 0
1393283476 0 11 0 0 24 22 0 8 0 0 0 0 0 0 13 0 0 0 0 0
1393299181 0 11 0 0 24 22 0 9 0 0 0 0 0 0 13 0 0 0 0 0
1393299945 0 11 0 0 25 22 0 9 0 0 0 0 0 0 13 0 0 0 0 0
1393300074 0 11 0 0 25 22 0 10 0 0 0 0 0 0 13 0 0 0 0 0
1393300304 0 11 0 0 26 22 0 10 0 0 0 0 0 0 13 0 0 0 0 0
1393300345 0 11 0 0 26 22 0 11 0 0 0 0 0 0 13 0 0 0 0 0
1393304534 0 11 0 0 26 22 0 12 0 0 0 0 0 0 13 0 0 0 0 0
1393359430 0 12 0 0 26 22 0 12 0 0 0 0 0 0 13 0 0 0 0 0
1393364015 0 12 0 0 26 22 0 13 0 0 0 0 0 0 13 0 0 0 0 0
1393364067 0 12 0 0 26 22 0 14 0 0 0 0 0 0 13 0 0 0 0 0
1393379938 0 12 0 0 26 22 0 15 0 0 0 0 0 0 13 0 0 0 0 0
1393554122 0 12 0 0 26 23 0 15 0 0 0 0 0 0 13 0 0 0 0 0
1393558415 0 12 0 0 26 24 0 15 0 0 0 0 0 0 13 0 0 0 0 0
1393559114 0 12 0 0 26 25 0 15 0 0 0 0 0 0 13 0 0 0 0 0
1393603064 0 12 0 0 26 25 0 16 0 0 0 0 0 0 13 0 0 0 0 0
1393604982 0 12 0 0 26 25 0 17 0 0 0 0 0 0 13 0 0 0 0 0
1393782634 0 12 0 0 27 25 0 17 0 0 0 0 0 0 13 0 0 0 0 0
1393782683 0 12 0 0 28 25 0 17 0 0 0 0 0 0 13 0 0 0 0 0
1393782717 0 12 0 0 29 25 0 17 0 0 0 0 0 0 13 0 0 0 0 0
1393782765 0 12 0 0 30 25 0 20 0 0 0 0 0 0 13 0 0 0 0 0
1393782842 0 12 0 0 30 26 0 20 0 0 0 0 0 0 13 0 0 0 0 0
1393784040 0 12 0 0 30 27 0 20 0 0 0 0 0 0 13 0 0 0 0 0
1393785547 0 12 0 0 30 28 0 20 0 0 0 0 0 0 13 0 0 0 0 0
1393785660 0 12 0 0 30 29 0 20 0 0 0 0 0 0 13 0 0 0 0 0
1393785743 0 12 0 0 30 30 0 20 0 0 0 0 0 0 13 0 0 0 0 0
1393785922 0 12 0 0 30 31 0 20 0 0 0 0 0 0 13 0 0 0 0 0
1393786282 0 12 0 0 30 32 0 20 0 0 0 0 0 0 13 0 0 0 0 0
1393786300 0 12 0 0 30 32 0 20 0 0 0 0 0 0 13 0 0 0 0 0
1393787689 0 12 0 0 30 33 0 20 0 0 0 0 0 0 13 0 0 0 0 0
1393789509 0 13 0 0 30 33 0 20 0 0 0 0 0 0 13 0 0 0 0 0
1393789649 0 14 0 0 30 33 0 20 0 0 0 0 0 0 13 0 0 0 0 0
1393828660 0 15 0 0 30 33 0 20 0 0 0 0 0 0 13 0 0 0 0 0
1394473445 0 15 0 0 31 33 0 20 0 0 0 0 0 0 13 0 0 0 0 0
1394681981 0 16 0 0 31 33 0 20 0 0 0 0 0 0 13 0 0 0 0 0
1394683840 0 17 0 0 31 33 0 20 0 0 0 0 0 0 13 0 0 0 0 0
1394685777 0 18 0 0 31 33 0 20 0 0 0 0 0 0 13 0 0 0 0 0
1394690483 0 19 0 0 31 33 0 20 0 0 0 0 0 0 13 0 0 0 0 0
1394837570 0 20 0 0 31 33 0 20 0 0 0 0 0 0 13 0 0 0 0 0
1394839619 0 21 0 0 31 33 0 20 0 0 0 0 0 0 13 0 0 0 0 0
1394861534 0 22 0 0 31 33 0 20 0 0 0 0 0 0 13 0 0 0 0 0
1394861780 0 23 0 0 31 33 0 20 0 0 0 0 0 0 13 0 0 0 0 0
1394866490 0 24 0 0 31 33 0 20 0 0 0 0 0 0 13 0 0 0 0 0
1394999284 0 25 0 0 31 33 0 20 0 0 0 0 0 0 13 0 0 0 0 0
1395000875 0 26 0 0 31 33 0 20 0 0 0 0 0 0 13 0 0 0 0 0
1395003780 0 27 0 0 31 33 0 20 0 0 0 0 0 0 13 0 0 0 0 0
1395017370 0 28 0 0 31 33 0 20 0 0 0 0 0 0 13 0 0 0 0 0
1395017552 0 28 0 0 31 34 0 20 0 0 0 0 0 0 13 0 0 0 0 0
1395018108 0 29 0 0 31 34 0 20 0 0 0 0 0 0 13 0 0 0 0 0
1395173756 0 30 0 0 31 34 0 20 0 0 0 0 0 0 13 0 0 0 0 0
1395192190 0 31 0 0 31 34 0 20 0 0 0 0 0 0 13 0 0 0 0 0
1395192249 0 32 0 0 31 34 0 20 0 0 0 0 0 0 13 0 0 0 0 0
1395254297 0 33 0 0 31 34 0 20 0 0 0 0 0 0 13 0 0 0 0 0
1395373076 0 34 0 0 31 34 0 20 0 0 0 0 0 0 13 0 0 0 0 0
1395460682 0 35 0 0 31 34 0 20 0 0 0 0 0 0 13 0 0 0 0 0
1395460786 0 36 0 0 31 34 0 20 0 0 0 0 0 0 13 0 0 0 0 0
1395461776 0 37 0 0 31 34 0 20 0 0 0 0 0 0 13 0 0 0 0 0
1395461980 0 38 0 0 31 34 0 20 0 0 0 0 0 0 13 0 0 0 0 0
1395462312 0 39 0 0 31 34 0 20 0 0 0 0 0 0 13 0 0 0 0 0
1395470115 0 39 0 0 31 34 0 21 0 0 0 0 0 0 13 0 0 0 0 0
1395518377 0 39 0 0 32 34 0 21 0 0 0 0 0 0 13 0 0 0 0 0
1395518772 0 39 0 0 33 34 0 22 0 0 0 0 0 0 13 0 0 0 0 0
1395540504 0 40 0 0 33 34 0 22 0 0 0 0 0 0 13 0 0 0 0 0
1395541316 0 40 0 0 33 35 0 22 0 0 0 0 0 0 13 0 0 0 0 0
1395541782 0 40 0 0 33 36 0 22 0 0 0 0 0 0 13 0 0 0 0 0
1395544914 0 40 0 0 33 37 0 22 0 0 0 0 0 0 13 0 0 0 0 0
1395547406 0 41 0 0 33 37 0 22 0 0 0 0 0 0 13 0 0 0 0 0
1395550087 0 41 0 0 34 37 0 22 0 0 0 0 0 0 13 0 0 0 0 0
1395554242 0 42 0 0 34 37 0 22 0 0 0 0 0 0 13 0 0 0 0 0
1395555370 0 43 0 0 34 37 0 22 0 0 0 0 0 0 13 0 0 0 0 0
1395558069 0 44 0 0 34 37 0 22 0 0 0 0 0 0 13 0 0 0 0 0
1395622696 0 44 0 0 34 37 0 23 0 0 0 0 0 0 13 0 0 0 0 0
1395622704 0 44 0 0 34 37 0 24 0 0 0 0 0 0 13 0 0 0 0 0
1395758348 0 44 0 0 35 37 0 24 0 0 0 0 0 0 13 0 0 0 0 0
1395759683 0 44 0 0 36 37 0 25 0 0 0 0 1 0 13 0 0 0 0 0
1395962628 0 44 0 0 37 37 0 25 0 0 0 0 1 0 13 0 0 0 0 0
1395973082 0 46 0 0 38 37 0 26 0 0 0 0 1 0 13 0 0 0 0 0
1395986960 0 46 0 0 39 37 0 26 0 0 0 0 1 0 13 0 0 0 0 0
1395986970 0 46 0 0 40 37 0 26 0 0 0 0 1 0 13 0 0 0 0 0
1396144912 0 46 0 0 41 37 0 26 0 0 0 0 1 0 13 0 0 0 0 0
1396145217 0 46 0 0 41 37 0 26 0 0 0 0 2 0 13 0 0 0 0 0
1396203482 0 46 0 0 42 37 0 26 0 0 0 0 2 0 13 0 0 0 0 0
1396293515 0 46 0 0 43 37 0 26 0 0 0 0 2 0 13 0 0 0 0 0
1396295605 0 46 0 0 44 37 0 26 0 0 0 0 2 0 13 0 0 0 0 0
1396316625 0 46 0 0 44 37 0 26 0 0 0 0 3 0 13 0 0 0 0 0
1396317187 0 46 0 0 44 37 0 26 0 0 0 0 4 0 13 0 0 0 0 0
1396319905 0 47 0 0 44 37 0 26 0 0 0 0 4 0 13 0 0 0 0 0
1396320184 0 47 0 0 44 37 0 26 0 0 0 0 5 0 13 0 0 0 0 0
1396320966 0 47 0 0 44 37 0 26 0 0 0 0 6 0 13 0 0 0 0 0
1396322867 0 48 0 0 44 37 0 26 0 0 0 0 6 0 13 0 0 0 0 0
1396324034 0 48 0 0 45 37 0 26 0 0 0 0 6 0 13 0 0 0 0 0
1396324061 0 48 0 0 46 37 0 26 0 0 0 0 6 0 13 0 0 0 0 0
1396325075 0 48 0 0 46 37 0 26 0 0 0 0 7 0 13 0 0 0 0 0
1396325279 0 48 0 0 46 37 0 26 0 0 0 0 8 0 13 0 0 0 0 0
1396325408 0 48 0 0 46 37 0 26 0 0 0 0 9 0 13 0 0 0 0 0
1396326092 0 49 0 0 46 37 0 26 0 0 0 0 9 0 13 0 0 0 0 0
1396326850 0 49 0 0 46 37 0 26 0 0 0 0 10 0 13 0 0 0 0 0
1396327056 0 49 0 0 46 37 0 26 0 0 0 0 11 0 13 0 0 0 0 0
1396327233 0 49 0 0 46 37 0 26 0 0 0 0 12 0 13 0 0 0 0 0
1396342346 0 49 0 0 46 38 0 26 0 0 0 0 12 0 13 0 0 0 0 0
1396346472 0 49 0 0 46 39 0 26 0 0 0 0 12 0 13 0 0 0 0 0
1396348505 0 49 0 0 46 40 0 26 0 0 0 0 12 0 13 0 0 0 0 0
1396350538 0 49 0 0 46 41 0 26 0 0 0 0 12 0 13 0 0 0 0 0
1396350848 0 49 0 0 46 42 0 26 0 0 0 0 12 0 13 0 0 0 0 0
1396350940 0 49 0 0 46 43 0 26 0 0 0 0 12 0 13 0 0 0 0 0
1396373204 0 50 0 0 46 43 0 26 0 0 0 0 12 0 13 0 0 0 0 0
1396379226 0 50 0 0 46 44 0 26 0 0 0 0 12 0 13 0 0 0 0 0
1396748715 0 50 0 0 46 45 0 26 0 0 0 0 12 0 13 0 0 0 0 0
1396750367 0 50 0 0 46 46 0 26 0 0 0 0 12 0 13 0 0 0 0 0
1396757080 0 50 0 1 46 46 0 26 0 0 0 0 12 0 13 0 0 0 0 0
1396842385 0 50 0 2 46 46 0 26 0 0 0 0 12 0 13 0 0 0 0 0
1396881841 0 50 0 3 46 46 0 26 0 0 0 0 12 0 13 0 0 0 0 0
1396989083 0 50 0 4 46 46 0 26 0 0 0 0 12 0 13 0 0 0 0 0
1397595356 0 51 0 4 46 46 0 26 0 0 0 0 12 0 13 0 0 0 0 0
1397608500 0 52 0 4 46 46 0 26 0 0 0 0 12 0 13 0 0 0 0 0
1397782557 0 52 0 5 46 46 0 26 0 0 0 0 12 0 13 0 0 0 0 0
1397783079 0 52 0 6 46 46 0 26 0 0 0 0 12 0 13 0 0 0 0 0
1397786836 0 52 0 6 46 46 0 26 0 0 0 0 13 0 13 0 0 0 0 0
1397964051 0 52 0 7 46 46 0 26 0 0 0 0 13 0 13 0 0 0 0 0
1397964161 0 52 0 8 46 46 0 26 0 0 0 0 13 0 13 0 0 0 0 0
1398180421 0 52 0 8 46 46 0 26 0 0 0 0 14 0 13 0 0 0 0 0
1398191014 0 53 0 8 46 46 0 26 0 0 0 0 14 0 13 0 0 0 0 0
1398191038 0 54 0 8 46 46 0 26 0 0 0 0 14 0 13 0 0 0 0 0
1398191065 0 55 0 8 46 46 0 26 0 0 0 0 14 0 13 0 0 0 0 0
1398191415 0 56 0 8 46 46 0 26 0 0 0 0 14 0 13 0 0 0 0 0
1398199174 0 57 0 8 46 46 0 26 0 0 0 0 14 0 13 0 0 0 0 0
1398563215 0 57 0 9 46 46 0 26 0 0 0 0 14 0 13 0 0 0 0 0
1398575903 0 58 0 9 46 46 0 26 0 0 0 0 14 0 13 0 0 0 0 0
1398575981 0 59 0 9 46 46 0 26 0 0 0 0 14 0 13 0 0 0 0 0
1398576116 0 60 0 9 46 46 0 26 0 0 0 0 14 0 13 0 0 0 0 0
1398576204 0 61 0 9 46 46 0 26 0 0 0 0 14 0 13 0 0 0 0 0
1398576234 0 62 0 9 46 46 0 26 0 0 0 0 14 0 13 0 0 0 0 0
1398576579 0 63 0 9 46 46 0 26 0 0 0 0 14 0 13 0 0 0 0 0
1398650002 0 63 0 10 46 46 0 26 0 0 0 0 14 0 13 0 0 0 0 0
1398742123 0 63 0 10 47 46 0 26 0 0 0 0 14 0 13 0 0 0 0 0
1398823312 0 63 0 11 47 46 0 26 0 0 0 0 14 0 13 0 0 0 0 0
1398929253 0 63 0 11 47 47 0 26 0 0 0 0 14 0 13 0 0 0 0 0
1398992673 0 63 0 11 47 47 0 27 0 0 0 0 14 0 13 0 0 0 0 0
1398992833 0 63 0 11 47 47 0 28 0 0 0 0 14 0 13 0 0 0 0 0
1399147619 0 64 0 11 47 47 0 28 0 0 0 0 14 0 13 0 0 0 0 0
1399150668 0 64 0 15 47 47 0 32 0 0 0 0 15 0 13 0 0 0 0 0
1399150912 0 64 0 15 48 47 0 32 0 0 0 0 15 0 13 0 0 0 0 0
1399151044 0 64 0 15 49 47 0 32 0 0 0 0 15 0 13 0 0 0 0 0
1399153572 0 64 0 15 50 47 0 32 0 0 0 0 15 0 13 0 0 0 0 0
1399153620 0 64 0 15 51 47 0 32 0 0 0 0 15 0 13 0 0 0 0 0
1399153989 0 64 0 15 51 47 0 32 0 0 0 0 16 0 13 0 0 0 0 0
1399155542 0 65 0 15 51 47 0 32 0 0 0 0 16 0 13 0 0 0 0 0
1399155606 0 66 0 15 51 47 0 32 0 0 0 0 16 0 13 0 0 0 0 0
1399155982 0 66 0 15 51 47 0 32 0 0 0 0 17 0 13 0 0 0 0 0
1399155996 0 67 0 15 51 47 0 32 0 0 0 0 17 0 13 0 0 0 0 0
1399155999 0 67 0 15 51 47 0 32 0 0 0 0 18 0 13 0 0 0 0 0
1399170623 0 67 0 15 51 48 0 32 0 0 0 0 18 0 13 0 0 0 0 0
1399172674 0 68 0 15 51 48 0 32 0 0 0 0 18 0 13 0 0 0 0 0
1399178740 0 68 0 15 52 48 0 32 0 0 0 0 18 0 13 0 0 0 0 0
1399180212 0 68 0 15 53 48 0 32 0 0 0 0 18 0 13 0 0 0 0 0
1399180519 0 68 0 15 54 48 0 33 0 0 0 0 18 0 13 0 0 0 0 0
1399182031 0 69 0 15 54 48 0 34 0 0 0 0 18 0 13 0 0 0 0 0
1399182121 0 69 0 15 55 48 0 34 0 0 0 0 18 0 13 0 0 0 0 0
1399182229 0 69 0 15 56 48 0 34 0 0 0 0 18 0 13 0 0 0 0 0
1399182902 0 69 0 15 57 48 0 34 0 0 0 0 18 0 13 0 0 0 0 0
1399183010 0 69 0 15 58 48 0 34 0 0 0 0 18 0 13 0 0 0 0 0
1399183297 0 69 0 15 59 48 0 34 0 0 0 0 18 0 13 0 0 0 0 0
1399183364 0 69 0 15 60 48 0 34 0 0 0 0 18 0 13 0 0 0 0 0
1399183777 0 69 0 15 61 48 0 34 0 0 0 0 18 0 13 0 0 0 0 0
1399183842 0 71 0 16 62 56 0 36 0 0 0 0 18 0 13 0 0 0 0 0
1399184053 0 71 0 16 63 56 0 36 0 0 0 0 18 0 13 0 0 0 0 0
1399184641 0 71 0 16 64 56 0 36 0 0 0 0 18 0 13 0 0 0 0 0
1399184905 0 72 0 16 64 56 0 36 0 0 0 0 18 0 13 0 0 0 0 0
1399185295 0 72 0 16 65 56 0 36 0 0 0 0 18 0 13 0 0 0 0 0
1399185447 0 72 0 16 66 56 0 36 0 0 0 0 18 0 13 0 0 0 0 0
1399186589 0 73 0 16 66 56 0 36 0 0 0 0 18 0 13 0 0 0 0 0
1399218909 0 73 0 16 67 56 0 36 0 0 0 0 18 0 13 0 0 0 0 0
1399218934 0 73 0 16 68 56 0 36 0 0 0 0 18 0 13 0 0 0 0 0
1399220640 0 73 0 17 68 56 0 36 0 0 0 0 18 0 13 0 0 0 0 0
1399221529 0 73 0 17 69 56 0 36 0 0 0 0 18 0 13 0 0 0 0 0
1399221552 0 73 0 17 70 56 0 36 0 0 0 0 18 0 13 0 0 0 0 0
1399221616 0 73 0 18 70 56 0 36 0 0 0 0 18 0 13 0 0 0 0 0
1399221814 0 73 0 19 70 56 0 36 0 0 0 0 18 0 13 0 0 0 0 0
1399226923 0 74 0 19 70 56 0 36 0 0 0 0 18 0 13 0 0 0 0 0
1399260719 0 74 0 20 70 56 0 36 0 0 0 0 18 0 13 0 0 0 0 0
1399261295 0 74 0 21 70 56 0 36 0 0 0 0 18 0 13 0 0 0 0 0
1399324125 0 74 0 22 70 56 0 36 0 0 0 0 18 0 13 0 0 0 0 0
1399325981 0 74 0 23 70 56 0 36 0 0 0 0 18 0 13 0 0 0 0 0
1399337451 0 74 0 24 70 56 0 36 0 0 0 0 18 0 13 0 0 0 0 0
1399340341 0 74 0 25 70 56 0 36 0 0 0 0 18 0 13 0 0 0 0 0
1399342187 0 74 0 26 70 56 0 36 0 0 0 0 18 0 13 0 0 0 0 0
1399342723 0 74 0 27 70 56 0 36 0 0 0 0 18 0 13 0 0 0 0 0
1399348342 0 74 0 28 70 56 0 36 0 0 0 0 18 0 13 0 0 0 0 0
1399423023 0 74 0 28 70 57 0 36 0 0 0 0 18 0 13 0 0 0 0 0
1399426493 0 74 0 28 70 58 0 36 0 0 0 0 18 0 13 0 0 0 0 0
1399427496 0 74 0 28 70 59 0 36 0 0 0 0 18 0 13 0 0 0 0 0
1399427595 0 74 0 29 70 59 0 36 0 0 0 0 18 0 13 0 0 0 0 0
1399427716 0 74 0 30 70 59 0 36 0 0 0 0 18 0 13 0 0 0 0 0
1399427870 0 74 0 30 70 60 0 36 0 0 0 0 18 0 13 0 0 0 0 0
1399427885 0 74 0 30 70 61 0 36 0 0 0 0 18 0 13 0 0 0 0 0
1399428195 0 74 0 31 70 61 0 36 0 0 0 0 18 0 13 0 0 0 0 0
1399428217 0 74 0 31 70 62 0 36 0 0 0 0 18 0 13 0 0 0 0 0
1399428234 0 74 0 31 70 63 0 36 0 0 0 0 18 0 13 0 0 0 0 0
1399428699 0 74 0 32 70 63 0 36 0 0 0 0 18 0 13 0 0 0 0 0
1399428765 0 74 0 32 70 63 0 37 0 0 0 0 18 0 13 0 0 0 0 0
1399429378 0 74 0 32 70 64 0 37 0 0 0 0 18 0 13 0 0 0 0 0
1399429608 0 74 0 33 70 64 0 37 0 0 0 0 18 0 13 0 0 0 0 0
1399429628 0 74 0 34 70 64 0 37 0 0 0 0 18 0 13 0 0 0 0 0
1399432794 0 74 0 35 70 64 0 37 0 0 0 0 18 0 13 0 0 0 0 0
1399433326 0 74 0 36 70 64 0 37 0 0 0 0 18 0 13 0 0 0 0 0
1399435840 0 74 0 37 70 64 0 37 0 0 0 0 18 0 13 0 0 0 0 0
1399438620 0 74 0 37 70 65 0 37 0 0 0 0 18 0 13 0 0 0 0 0
1399439015 0 74 0 37 70 66 0 37 0 0 0 0 18 0 13 0 0 0 0 0
1399439364 0 74 0 37 70 67 0 37 0 0 0 0 18 0 13 0 0 0 0 0
1399439728 0 74 0 37 70 68 0 37 0 0 0 0 18 0 13 0 0 0 0 0
1399439962 0 74 0 37 70 69 0 37 0 0 0 0 18 0 13 0 0 0 0 0
1399440053 0 74 0 37 70 70 0 37 0 0 0 0 18 0 13 0 0 0 0 0
1399441008 0 74 0 37 70 71 0 37 0 0 0 0 18 0 13 0 0 0 0 0
1399441981 0 74 0 37 70 72 0 37 0 0 0 0 18 0 13 0 0 0 0 0
1399445289 0 74 0 37 70 73 0 37 0 0 0 0 18 0 13 0 0 0 0 0
1399449156 0 74 0 37 70 74 0 37 0 0 0 0 18 0 13 0 0 0 0 0
1399475129 0 74 0 37 70 75 0 40 0 0 0 0 18 0 13 0 0 0 0 0
1399502197 0 74 0 38 70 75 0 40 0 0 0 0 18 0 13 0 0 0 0 0
1399502471 0 74 0 39 70 75 0 40 0 0 0 0 18 0 13 0 0 0 0 0
1399518163 0 74 0 40 70 75 0 40 0 0 0 0 18 0 13 0 0 0 0 0
1399568833 0 74 0 41 70 75 0 40 0 0 0 0 18 0 13 0 0 0 0 0
1399570629 0 74 0 42 70 75 0 40 0 0 0 0 18 0 13 0 0 0 0 0
1399571403 0 74 0 43 70 75 0 40 0 0 0 0 18 0 13 0 0 0 0 0
1399572046 0 74 0 44 70 75 0 40 0 0 0 0 18 0 13 0 0 0 0 0
1399572278 0 75 0 44 70 75 0 42 0 0 0 0 18 0 13 0 0 0 0 0
1399576417 0 75 0 44 71 75 0 42 0 0 0 0 18 0 13 0 0 0 0 0
1399576455 0 75 0 44 72 75 0 42 0 0 0 0 18 0 13 0 0 0 0 0
1399576762 0 76 0 44 72 75 0 42 0 0 0 0 18 0 13 0 0 0 0 0
1399581686 0 77 0 44 72 75 0 42 0 0 0 0 18 0 13 0 0 0 0 0
1399590308 0 77 0 44 73 75 0 42 0 0 0 0 18 0 13 0 0 0 0 0
1399590316 0 77 0 44 74 75 0 42 0 0 0 0 18 0 13 0 0 0 0 0
1399590511 0 78 0 44 74 75 0 42 0 0 0 0 18 0 13 0 0 0 0 0
1399594853 0 78 0 44 75 75 0 42 0 0 0 0 18 0 13 0 0 0 0 0
1399601327 0 79 0 44 76 75 0 43 0 0 0 0 18 0 13 0 0 0 0 0
1399604573 0 79 0 45 76 75 0 43 0 0 0 0 18 0 13 0 0 0 0 0
1399604592 0 79 0 46 76 75 0 44 0 0 0 0 18 0 13 0 0 0 0 0
1399604948 0 79 0 47 76 75 0 45 0 0 0 0 19 0 13 0 0 0 0 0
1399610105 0 79 0 47 76 76 0 45 0 0 0 0 19 0 13 0 0 0 0 0
1399611485 0 79 0 47 76 77 0 45 0 0 0 0 19 0 13 0 0 0 0 0
1399612551 0 79 0 47 77 77 0 45 0 0 0 0 19 0 13 0 0 0 0 0
1399612604 0 79 0 47 77 77 0 46 0 0 0 0 19 0 13 0 0 0 0 0
1399612717 0 79 0 47 77 77 0 47 0 0 0 0 19 0 13 0 0 0 0 0
1399613856 0 79 0 47 77 77 0 48 0 0 0 0 19 0 13 0 0 0 0 0
1399614081 0 79 0 47 77 77 0 49 0 0 0 0 19 0 13 0 0 0 0 0
1399614634 0 79 0 47 77 78 0 49 0 0 0 0 19 0 13 0 0 0 0 0
1399615376 0 79 0 47 77 79 0 49 0 0 0 0 19 0 13 0 0 0 0 0
1399616746 0 79 0 47 77 80 0 49 0 0 0 0 19 0 13 0 0 0 0 0
1399617159 0 79 0 47 77 81 0 49 0 0 0 0 19 0 13 0 0 0 0 0
1399617235 0 79 0 47 77 82 0 49 0 0 0 0 19 0 13 0 0 0 0 0
1399618090 0 79 0 47 77 83 0 49 0 0 0 0 19 0 13 0 0 0 0 0
1399621611 0 79 0 47 77 84 0 49 0 0 0 0 19 0 13 0 0 0 0 0
1399622293 0 79 0 47 77 85 0 50 0 0 0 0 19 0 13 0 0 0 0 0
1399648286 0 79 0 47 78 85 0 50 0 0 0 0 19 0 13 0 0 0 0 0
1399648307 0 79 0 47 79 85 0 51 0 0 0 0 19 0 13 0 0 0 0 0
1399651542 0 79 0 48 79 85 0 51 0 0 0 0 19 0 13 0 0 0 0 0
1399651567 0 79 0 49 79 85 0 51 0 0 0 0 19 0 13 0 0 0 0 0
1399651640 0 79 0 49 79 85 0 52 0 0 0 0 19 0 13 0 0 0 0 0
1399651681 0 79 0 49 79 85 0 53 0 0 0 0 19 0 13 0 0 0 0 0
1399651805 0 79 0 50 79 85 0 53 0 0 0 0 19 0 13 0 0 0 0 0
1399651857 0 79 0 51 79 85 0 53 0 0 0 0 19 0 13 0 0 0 0 0
1399652834 0 79 0 52 79 85 0 53 0 0 0 0 19 0 13 0 0 0 0 0
1399653683 0 79 0 52 79 85 0 54 0 0 0 0 19 0 13 0 0 0 0 0
1399653699 0 79 0 52 79 85 0 55 0 0 0 0 19 0 13 0 0 0 0 0
1399654745 0 79 0 52 80 85 0 55 0 0 0 0 19 0 13 0 0 0 0 0
1399654863 0 79 0 52 81 85 0 55 0 0 0 0 19 0 13 0 0 0 0 0
1399655011 0 79 0 52 81 86 0 55 0 0 0 0 19 0 13 0 0 0 0 0
1399655031 0 79 0 52 81 87 0 55 0 0 0 0 19 0 13 0 0 0 0 0
1399655254 0 79 0 52 81 88 0 55 0 0 0 0 19 0 13 0 0 0 0 0
1399655295 0 79 0 52 81 88 0 56 0 0 0 0 19 0 13 0 0 0 0 0
1399655299 0 79 0 52 81 88 0 57 0 0 0 0 19 0 13 0 0 0 0 0
1399655676 0 80 0 52 81 88 0 57 0 0 0 0 19 0 13 0 0 0 0 0
1399660666 0 81 0 52 81 88 0 57 0 0 0 0 19 0 13 0 0 0 0 0
1399660835 0 81 0 52 81 88 0 58 0 0 0 0 19 0 13 0 0 0 0 0
1399660843 0 81 0 52 81 88 0 59 0 0 0 0 19 0 13 0 0 0 0 0
1399661178 0 82 0 52 81 88 0 59 0 0 0 0 19 0 13 0 0 0 0 0
1399662088 0 83 0 52 81 88 0 59 0 0 0 0 19 0 13 0 0 0 0 0
1399663064 0 83 0 52 81 88 0 60 0 0 0 0 19 0 13 0 0 0 0 0
1399663375 0 84 0 52 81 88 0 60 0 0 0 0 19 0 13 0 0 0 0 0
1399663927 0 84 0 52 81 88 0 61 0 0 0 0 19 0 13 0 0 0 0 0
1399663944 0 84 0 52 81 88 0 62 0 0 0 0 19 0 13 0 0 0 0 0
1399684220 0 85 0 52 81 88 0 62 0 0 0 0 19 0 13 0 0 0 0 0
1399698980 0 86 0 52 81 88 0 62 0 0 0 0 19 0 13 0 0 0 0 0
1400956155 0 87 0 52 81 88 0 62 0 0 0 0 19 0 13 0 0 0 0 0
1400956536 0 88 0 52 81 88 0 62 0 0 0 0 19 0 13 0 0 0 0 0
1401327828 0 88 0 52 81 89 0 62 0 0 0 0 19 0 13 0 0 0 0 0
1401328176 0 88 0 52 81 90 0 62 0 0 0 0 19 0 13 0 0 0 0 0
1401328285 0 88 0 52 81 91 0 62 0 0 0 0 19 0 13 0 0 0 0 0
1401329062 0 88 0 52 81 92 0 62 0 0 0 0 19 0 13 0 0 0 0 0
1401332839 0 88 0 52 81 93 0 62 0 0 0 0 19 0 13 0 0 0 0 0
1401643568 0 88 0 53 81 93 0 62 0 0 0 0 19 0 13 0 0 0 0 0
1402837536 0 88 0 54 81 93 0 62 0 0 0 0 19 0 13 0 0 0 0 0
1402838715 0 88 0 55 81 93 0 62 0 0 0 0 19 0 13 0 0 0 0 0
1403301572 0 88 0 56 81 93 0 62 0 0 0 0 19 0 13 0 0 0 0 0
1403302445 0 88 0 57 81 93 0 62 0 0 0 0 19 0 13 0 0 0 0 0
1403368839 1 88 0 57 81 93 0 62 0 0 0 0 19 0 13 0 0 0 0 0
1403370068 2 88 0 57 81 93 0 62 0 0 0 0 19 0 13 0 0 0 0 0
1403370534 2 89 0 57 81 93 0 62 0 0 0 0 19 0 13 0 0 0 0 0
1403370673 3 89 0 57 81 93 0 62 0 0 0 0 19 0 13 0 0 0 0 0
1403372623 3 90 0 57 81 93 0 62 0 0 0 0 19 0 13 0 0 0 0 0
1403375594 3 91 0 57 81 93 0 62 0 0 0 0 19 0 13 0 0 0 0 0
1403376226 3 92 0 57 81 93 0 62 0 0 0 0 19 0 13 0 0 0 0 0
1403402608 3 92 0 57 82 93 0 62 0 0 0 0 19 0 13 0 0 0 0 0
1403491823 3 92 0 57 83 93 0 62 0 0 0 0 19 0 13 0 0 0 0 0
1403492027 3 92 0 57 84 93 0 62 0 0 0 0 19 0 13 0 0 0 0 0
1403561878 4 92 0 57 84 93 0 62 0 0 0 0 19 0 13 0 0 0 0 0
1403646965 5 92 0 57 84 93 0 62 0 0 0 0 19 0 13 0 0 0 0 0
1403728183 6 92 0 57 84 93 0 62 0 0 0 0 19 0 13 0 0 0 0 0
1403797798 7 92 0 57 84 93 0 62 0 0 0 0 19 0 13 0 0 0 0 0
1403902413 7 92 0 57 85 93 0 62 0 0 0 0 19 0 13 0 0 0 0 0
1403906300 7 92 0 57 86 93 0 62 0 0 0 0 19 0 13 0 0 0 0 0
1403906329 8 92 0 57 86 93 0 62 0 0 0 0 19 0 13 0 0 0 0 0
1403986132 8 92 0 58 86 93 0 62 0 0 0 0 19 0 13 0 0 0 0 0
1403988801 8 93 0 58 86 93 0 62 0 0 0 0 19 0 13 0 0 0 0 0
1403989345 8 94 0 58 86 93 0 62 0 0 0 0 19 0 13 0 0 0 0 0
1405795924 9 94 0 58 86 93 0 62 0 0 0 0 19 0 13 0 0 0 0 0
1405795963 10 94 0 58 86 93 0 62 0 0 0 0 19 0 13 0 0 0 0 0
1405981694 11 94 0 58 86 93 0 62 0 0 0 0 19 0 13 0 0 0 0 0
1406091589 11 95 0 58 86 93 0 62 0 0 0 0 19 0 13 0 0 0 0 0
1406214377 12 95 0 58 86 93 0 62 0 0 0 0 19 0 13 0 0 0 0 0
1406319435 13 95 0 58 86 93 0 62 0 0 0 0 19 0 13 0 0 0 0 0
1406319490 14 95 0 58 86 93 0 62 0 0 0 0 19 0 13 0 0 0 0 0
1406343676 14 96 0 58 86 93 0 62 0 0 0 0 19 0 13 0 0 0 0 0
1406391181 15 96 0 58 86 93 0 62 0 0 0 0 19 0 13 0 0 0 0 0
1406524568 15 96 0 58 86 94 0 62 0 0 0 0 19 0 13 0 0 0 0 0
1406524802 15 96 0 58 86 95 0 62 0 0 0 0 19 0 13 0 0 0 0 0
1406576934 16 96 0 58 86 95 0 62 0 0 0 0 19 0 13 0 0 0 0 0
1406669349 17 96 0 58 86 95 0 62 0 0 0 0 19 0 13 0 0 0 0 0
1406921613 17 96 0 59 86 95 0 62 0 0 0 0 19 0 13 0 0 0 0 0
1406921807 17 96 0 60 86 95 0 62 0 0 0 0 19 0 13 0 0 0 0 0
1406923153 18 96 0 60 86 95 0 62 0 0 0 0 19 0 13 0 0 0 0 0
1406923163 19 96 0 60 86 95 0 62 0 0 0 0 19 0 13 0 0 0 0 0
1406924112 19 96 0 61 86 95 0 62 0 0 0 0 19 0 13 0 0 0 0 0
1406924164 19 96 0 62 86 95 0 62 0 0 0 0 19 0 13 0 0 0 0 0
1406997184 19 96 0 63 86 95 0 62 0 0 0 0 19 0 13 0 0 0 0 0
1407004702 19 96 0 64 86 95 0 62 0 0 0 0 19 0 13 0 0 0 0 0
1407004788 19 96 0 65 86 95 0 62 0 0 0 0 19 0 13 0 0 0 0 0
1407006837 20 96 0 65 86 95 0 62 0 0 0 0 19 0 13 0 0 0 0 0
1407007014 21 96 0 65 86 95 0 62 0 0 0 0 19 0 13 0 0 0 0 0
1407007621 21 97 0 65 86 95 0 62 0 0 0 0 19 0 13 0 0 0 0 0
1407026806 21 98 0 65 86 95 0 62 0 0 0 0 19 0 13 0 0 0 0 0
1407027271 21 99 0 65 86 95 0 62 0 0 0 0 19 0 13 0 0 0 0 0
1407028008 21 100 0 65 86 95 0 62 0 0 0 0 19 0 13 0 0 0 0 0
1407029410 21 101 0 65 86 95 0 62 0 0 0 0 19 0 13 0 0 0 0 0
1407029716 21 102 0 65 86 95 0 62 0 0 0 0 19 0 13 0 0 0 0 0
1407037613 22 102 0 65 86 95 0 62 0 0 0 0 19 0 13 0 0 0 0 0
1407037731 23 102 0 65 86 95 0 62 0 0 0 0 19 0 13 0 0 0 0 0
1407291358 23 102 0 65 86 96 0 62 0 0 0 0 19 0 13 0 0 0 0 0
1407458912 23 102 0 66 86 96 0 62 0 0 0 0 19 0 13 0 0 0 0 0
1407702785 23 102 0 67 86 96 0 62 0 0 0 0 19 0 13 0 0 0 0 0
1407703531 23 102 0 68 86 96 0 62 0 0 0 0 19 0 13 0 0 0 0 0
1408331228 24 102 0 68 86 96 0 62 0 0 0 0 19 0 13 0 0 0 0 0
1408384109 24 102 0 69 86 96 0 62 0 0 0 0 19 0 13 0 0 0 0 0
1408384133 24 102 0 70 86 96 0 62 0 0 0 0 19 0 13 0 0 0 0 0
1408396516 25 102 0 70 86 96 0 62 0 0 0 0 19 0 13 0 0 0 0 0
1408396523 26 102 0 70 86 96 0 62 0 0 0 0 19 0 13 0 0 0 0 0
1408469084 26 102 0 71 86 96 0 62 0 0 0 0 19 0 13 0 0 0 0 0
1408472291 27 102 0 71 86 96 0 62 0 0 0 0 19 0 13 0 0 0 0 0
1408472303 28 102 0 71 86 96 0 62 0 0 0 0 19 0 13 0 0 0 0 0
1408472461 28 102 0 72 86 96 0 62 0 0 0 0 19 0 13 0 0 0 0 0
1408472534 29 102 0 72 86 96 0 62 0 0 0 0 19 0 13 0 0 0 0 0
1408478014 29 102 0 73 86 96 0 62 0 0 0 0 19 0 13 0 0 0 0 0
1408481106 29 102 0 74 86 96 0 62 0 0 0 0 19 0 13 0 0 0 0 0
1408506120 29 103 0 74 86 96 0 62 0 0 0 0 19 0 13 0 0 0 0 0
1408506902 29 105 0 74 86 96 0 62 0 0 0 0 19 0 13 0 0 0 0 0
1408507975 29 106 0 74 86 96 0 62 0 0 0 0 19 0 13 0 0 0 0 0
1408508380 29 107 0 74 86 96 0 62 0 0 0 0 19 0 13 0 0 0 0 0
1408508858 29 108 0 74 87 96 0 62 0 0 0 0 19 0 13 0 0 0 0 0
1408511742 29 109 0 74 87 96 0 62 0 0 0 0 19 0 13 0 0 0 0 0
1408511747 29 110 0 74 87 96 0 62 0 0 0 0 19 0 13 0 0 0 0 0
1408513976 29 111 0 74 87 96 0 62 0 0 0 0 19 0 13 0 0 0 0 0
1408514846 29 115 0 74 88 96 0 62 0 0 0 0 19 0 13 0 0 0 0 0
1408556611 30 115 0 74 88 96 0 62 0 0 0 0 19 0 13 0 0 0 0 0
1408556786 31 115 0 74 88 96 0 62 0 0 0 0 19 0 13 0 0 0 0 0
1408581912 31 115 0 74 89 96 0 62 0 0 0 0 19 0 13 0 0 0 0 0
1408582790 31 116 0 74 89 96 0 62 0 0 0 0 19 0 13 0 0 0 0 0
1408585328 31 116 0 74 90 96 0 62 0 0 0 0 19 0 13 0 0 0 0 0
1408586183 32 116 0 74 90 96 0 62 0 0 0 0 19 0 13 0 0 0 0 0
1408587220 32 116 0 74 91 96 0 62 0 0 0 0 19 0 13 0 0 0 0 0
1408587800 32 116 0 74 92 96 0 62 0 0 0 0 19 0 13 0 0 0 0 0
1408587859 32 116 0 74 93 96 0 62 0 0 0 0 19 0 13 0 0 0 0 0
1408591249 33 116 0 74 93 96 0 62 0 0 0 0 19 0 13 0 0 0 0 0
1408638247 33 116 0 74 94 96 0 62 0 0 0 0 19 0 13 0 0 0 0 0
1408638284 33 116 0 74 95 96 0 62 0 0 0 0 19 0 13 0 0 0 0 0
1408639865 33 116 0 74 96 96 0 62 0 0 0 0 19 0 13 0 0 0 0 0
1408649845 34 116 0 74 96 96 0 62 0 0 0 0 19 0 13 0 0 0 0 0
1408649855 35 116 0 74 96 96 0 62 0 0 0 0 19 0 13 0 0 0 0 0
1408678460 35 116 0 74 97 96 0 62 0 0 0 0 19 0 13 0 0 0 0 0
1408682706 36 116 0 74 97 96 0 62 0 0 0 0 19 0 13 0 0 0 0 0
1408682717 37 116 0 74 97 96 0 62 0 0 0 0 19 0 13 0 0 0 0 0
1408685128 38 116 0 74 97 96 0 62 0 0 0 0 19 0 13 0 0 0 0 0
1408686933 39 116 0 74 97 96 0 62 0 0 0 0 19 0 13 0 0 0 0 0
1408721649 39 116 0 74 98 96 0 62 0 0 0 0 19 0 13 0 0 0 0 0
1408721705 39 116 0 74 99 96 0 62 0 0 0 0 19 0 13 0 0 0 0 0
1408724162 39 117 0 74 99 96 0 62 0 0 0 0 19 0 13 0 0 0 0 0
1408729050 39 118 0 74 99 96 0 62 0 0 0 0 19 0 13 0 0 0 0 0
1408731599 39 118 0 75 99 96 0 62 0 0 0 0 19 0 13 0 0 0 0 0
1408731616 39 118 0 76 99 96 0 62 0 0 0 0 19 0 13 0 0 0 0 0
1408733798 39 118 0 77 99 96 0 62 0 0 0 0 19 0 13 0 0 0 0 0
1408733988 39 118 0 78 99 96 0 62 0 0 0 0 19 0 13 0 0 0 0 0
1408749293 40 118 0 78 99 96 0 62 0 0 0 0 19 0 13 0 0 0 0 0
1408749344 41 118 0 78 99 96 0 62 0 0 0 0 19 0 13 0 0 0 0 0
1408819546 41 118 0 79 99 96 0 62 0 0 0 0 19 0 13 0 0 0 0 0
1408823657 41 118 0 80 99 96 0 62 0 0 0 0 19 0 13 0 0 0 0 0
1408823685 41 118 0 81 99 96 0 62 0 0 0 0 19 0 13 0 0 0 0 0
1408824836 42 118 0 81 99 96 0 62 0 0 0 0 19 0 13 0 0 0 0 0
1408825085 43 118 0 81 99 96 0 62 0 0 0 0 19 0 13 0 0 0 0 0
1408834595 44 118 0 81 99 96 0 62 0 0 0 0 19 0 13 0 0 0 0 0
1408836057 45 118 0 81 99 96 0 62 0 0 0 0 19 0 13 0 0 0 0 0
1408838977 45 118 0 82 99 96 0 62 0 0 0 0 19 0 13 0 0 0 0 0
1408846424 45 118 0 83 99 96 0 62 0 0 0 0 19 0 13 0 0 0 0 0
1408846722 45 118 0 84 99 96 0 62 0 0 0 0 19 0 13 0 0 0 0 0
1408861753 45 118 0 84 100 96 0 62 0 0 0 0 19 0 13 0 0 0 0 0
1408861820 45 118 0 84 101 96 0 62 0 0 0 0 19 0 13 0 0 0 0 0
1408895760 45 118 0 85 101 96 0 62 0 0 0 0 19 0 13 0 0 0 0 0
1408897733 45 118 0 86 101 96 0 62 0 0 0 0 19 0 13 0 0 0 0 0
1408908656 46 118 0 86 101 96 0 62 0 0 0 0 19 0 13 0 0 0 0 0
1408908659 47 118 0 86 101 96 0 62 0 0 0 0 19 0 13 0 0 0 0 0
1408921207 48 118 0 86 101 96 0 62 0 0 0 0 19 0 13 0 0 0 0 0
1408967090 48 118 0 87 101 96 0 62 0 0 0 0 19 0 13 0 0 0 0 0
1408967752 48 118 0 88 101 96 0 62 0 0 0 0 19 0 13 0 0 0 0 0
1408968750 48 118 0 89 101 96 0 62 0 0 0 0 19 0 13 0 0 0 0 0
1408993901 48 118 0 89 102 96 0 62 0 0 0 0 19 0 13 0 0 0 0 0
1409015344 48 118 0 90 102 96 0 62 0 0 0 0 19 0 13 0 0 0 0 0
1409017347 49 118 0 90 102 96 0 62 0 0 0 0 19 0 13 0 0 0 0 0
1409017350 50 118 0 90 102 96 0 62 0 0 0 0 19 0 13 0 0 0 0 0
1409020773 51 118 0 90 102 96 0 62 0 0 0 0 19 0 13 0 0 0 0 0
1409098432 51 118 0 91 102 96 0 62 0 0 0 0 19 0 13 0 0 0 0 0
1409156875 51 118 0 92 102 96 0 62 0 0 0 0 19 0 13 0 0 0 0 0
1409241411 52 118 0 92 102 96 0 62 0 0 0 0 19 0 13 0 0 0 0 0
1409241414 53 118 0 92 102 96 0 62 0 0 0 0 19 0 13 0 0 0 0 0
1409487298 53 118 0 93 102 96 0 62 0 0 0 0 19 0 13 0 0 0 0 0
1409487674 53 118 0 94 102 96 0 62 0 0 0 0 19 0 13 0 0 0 0 0
1409509649 53 118 0 95 102 96 0 62 0 0 0 0 19 0 13 0 0 0 0 0
1409513522 54 118 0 95 102 96 0 62 0 0 0 0 19 0 13 0 0 0 0 0
1409517832 55 118 0 95 102 96 0 62 0 0 0 0 19 0 13 0 0 0 0 0
1409560584 56 118 0 95 102 96 0 62 0 0 0 0 19 0 13 0 0 0 0 0
1409571532 57 118 0 95 102 96 0 62 0 0 0 0 19 0 13 0 0 0 0 0
1409574313 57 118 0 96 102 96 0 62 0 0 0 0 19 0 13 0 0 0 0 0
1409574909 57 118 0 97 102 96 0 62 0 0 0 0 19 0 13 0 0 0 0 0
1409576333 57 118 0 98 102 96 0 62 0 0 0 0 19 0 13 0 0 0 0 0
1409576932 57 118 0 99 102 96 0 62 0 0 0 0 19 0 13 0 0 0 0 0
1409577472 57 118 0 100 102 96 0 62 0 0 0 0 19 0 13 0 0 0 0 0
1409657649 57 118 0 101 102 96 0 62 0 0 0 0 19 0 13 0 0 0 0 0
1409659454 57 118 0 102 102 96 0 62 0 0 0 0 19 0 13 0 0 0 0 0
1409683999 57 118 0 103 102 96 0 62 0 0 0 0 19 0 13 0 0 0 0 0
1409699813 57 118 0 104 102 96 0 62 0 0 0 0 19 0 13 0 0 0 0 0
1409699940 57 118 0 105 102 96 0 62 0 0 0 0 19 0 13 0 0 0 0 0
1409807895 58 118 0 105 102 96 0 62 0 0 0 0 19 0 13 0 0 0 0 0
1410041247 59 118 0 105 102 96 0 62 0 0 0 0 19 0 13 0 0 0 0 0
1410070397 60 118 0 105 102 96 0 62 0 0 0 0 19 0 13 0 0 0 0 0
1410092306 60 118 0 106 102 96 0 62 0 0 0 0 19 0 13 0 0 0 0 0
1410092504 60 118 0 107 102 96 0 62 0 0 0 0 19 0 13 0 0 0 0 0
1410106786 60 118 0 108 102 96 0 62 0 0 0 0 19 0 13 0 0 0 0 0
1410108845 60 118 0 109 102 96 0 62 0 0 0 0 19 0 13 0 0 0 0 0
1410109031 60 118 0 110 102 96 0 62 0 0 0 0 19 0 13 0 0 0 0 0
1410110117 60 118 0 111 102 96 0 62 0 0 0 0 19 0 13 0 0 0 0 0
1410110182 60 118 0 112 102 96 0 62 0 0 0 0 19 0 13 0 0 0 0 0
1410110377 60 118 0 113 102 96 0 62 0 0 0 0 19 0 13 0 0 0 0 0
1410110447 60 118 0 114 102 96 0 62 0 0 0 0 19 0 13 0 0 0 0 0
1410110916 60 118 0 115 102 96 0 62 0 0 0 0 19 0 13 0 0 0 0 0
1410112269 60 118 0 116 102 96 0 62 0 0 0 0 19 0 13 0 0 0 0 0
1410112283 60 118 0 117 102 96 0 62 0 0 0 0 19 0 13 0 0 0 0 0
1410140845 61 118 0 117 102 96 0 62 0 0 0 0 19 0 13 0 0 0 0 0
1410202770 62 118 0 117 102 96 0 62 0 0 0 0 19 0 13 0 0 0 0 0
1410209388 62 118 0 118 102 96 0 62 0 0 0 0 19 0 13 0 0 0 0 0
1410209488 62 118 0 119 102 96 0 62 0 0 0 0 19 0 13 0 0 0 0 0
1410209682 62 118 0 120 102 96 0 62 0 0 0 0 19 0 13 0 0 0 0 0
1410210018 62 118 0 121 102 96 0 62 0 0 0 0 19 0 13 0 0 0 0 0
1410210067 62 118 0 122 102 96 0 62 0 0 0 0 19 0 13 0 0 0 0 0
1410247027 63 118 0 122 102 96 0 62 0 0 0 0 19 0 13 0 0 0 0 0
1410247038 64 118 0 122 102 96 0 62 0 0 0 0 19 0 13 0 0 0 0 0
1410459607 65 118 0 122 102 96 0 62 0 0 0 0 19 0 13 0 0 0 0 0
1410595534 65 119 0 122 102 96 0 62 0 0 0 0 19 0 13 0 0 0 0 0
1410618660 65 120 0 122 102 96 0 62 0 0 0 0 19 0 13 0 0 0 0 0
1410619391 65 121 0 122 102 96 0 62 0 0 0 0 19 0 13 0 0 0 0 0
1410621215 65 122 0 122 102 96 0 62 0 0 0 0 19 0 13 0 0 0 0 0
1410628961 65 123 0 122 102 96 0 62 0 0 0 0 19 0 13 0 0 0 0 0
1410630348 65 124 0 122 102 96 0 62 0 0 0 0 19 0 13 0 0 0 0 0
1410630709 65 125 0 122 102 96 0 62 0 0 0 0 19 0 13 0 0 0 0 0
1410637635 65 126 0 122 102 96 0 62 0 0 0 0 19 0 13 0 0 0 0 0
1410642099 65 127 0 122 102 96 0 62 0 0 0 0 19 0 13 0 0 0 0 0
1410728426 65 128 0 122 102 96 0 62 0 0 0 0 19 0 13 0 0 0 0 0
1410729670 65 129 0 122 102 96 0 62 0 0 0 0 19 0 13 0 0 0 0 0
1410730016 65 130 0 122 102 96 0 62 0 0 0 0 19 0 13 0 0 0 0 0
1410754505 65 131 0 122 102 96 0 62 0 0 0 0 19 0 13 0 0 0 0 0
1410762891 65 132 0 122 102 96 0 62 0 0 0 0 19 0 13 0 0 0 0 0
1410834824 65 133 0 122 102 96 0 62 0 0 0 0 19 0 13 0 0 0 0 0
1410987042 65 133 0 122 103 96 0 62 0 0 0 0 19 0 13 0 0 0 0 0
1411253094 66 133 0 122 103 96 0 62 0 0 0 0 19 0 13 0 0 0 0 0
1411425501 67 133 0 122 103 96 0 62 0 0 0 0 19 0 13 0 0 0 0 0
1411444839 68 133 0 122 103 96 0 62 0 0 0 0 19 0 13 0 0 0 0 0
1411480353 69 133 0 122 103 96 0 62 0 0 0 0 19 0 13 0 0 0 0 0
1411511814 69 133 0 123 103 96 0 62 0 0 0 0 19 0 13 0 0 0 0 0
1411862120 69 134 0 123 103 96 0 62 0 0 0 0 19 0 13 0 0 0 0 0
1411863005 69 135 0 123 103 96 0 62 0 0 0 0 19 0 13 0 0 0 0 0
1411863956 69 136 0 123 103 96 0 62 0 0 0 0 19 0 13 0 0 0 0 0
1411957148 70 136 0 123 103 96 0 62 0 0 0 0 19 0 13 0 0 0 0 0
1411959714 71 136 0 123 103 96 0 62 0 0 0 0 19 0 13 0 0 0 0 0
1412313000 72 136 0 123 103 96 0 62 0 0 0 0 19 0 13 0 0 0 0 0
1412364271 72 136 0 124 103 96 0 62 0 0 0 0 19 0 13 0 0 0 0 0
1412364632 72 136 0 125 103 96 0 62 0 0 0 0 19 0 13 0 0 0 0 0
1412602738 73 136 0 125 103 96 0 62 0 0 0 0 19 0 13 0 0 0 0 0
1412603440 73 136 0 126 103 96 0 62 0 0 0 0 19 0 13 0 0 0 0 0
1412628591 73 136 0 127 103 96 0 62 0 0 0 0 19 0 13 0 0 0 0 0
1412629132 74 136 0 127 103 96 0 62 0 0 0 0 19 0 13 0 0 0 0 0
1412634464 74 137 0 127 103 96 0 62 0 0 0 0 19 0 13 0 0 0 0 0
1412635070 74 138 0 127 103 96 0 62 0 0 0 0 19 0 13 0 0 0 0 0
1412647457 74 139 0 127 103 96 0 62 0 0 0 0 19 0 13 0 0 0 0 0
1412648035 74 140 0 127 103 96 0 62 0 0 0 0 19 0 13 0 0 0 0 0
1412650793 74 141 0 127 103 96 0 62 0 0 0 0 19 0 13 0 0 0 0 0
1412658964 75 141 0 127 103 96 0 62 0 0 0 0 19 0 13 0 0 0 0 0
1412706010 75 142 0 127 103 96 0 62 0 0 0 0 19 0 13 0 0 0 0 0
1412708309 75 143 0 127 103 96 0 62 0 0 0 0 19 0 13 0 0 0 0 0
1412711253 75 144 0 127 103 96 0 62 0 0 0 0 19 0 13 0 0 0 0 0
1412712074 75 145 0 127 103 96 0 62 0 0 0 0 19 0 13 0 0 0 0 0
1412723533 75 146 0 127 103 96 0 62 0 0 0 0 19 0 13 0 0 0 0 0
1412723673 75 147 0 127 103 96 0 62 0 0 0 0 19 0 13 0 0 0 0 0
1412727058 75 148 0 127 103 96 0 62 0 0 0 0 19 0 13 0 0 0 0 0
1413751410 75 149 0 127 103 96 0 62 0 0 0 0 19 0 13 0 0 0 0 0
1413751616 75 150 0 127 103 96 0 62 0 0 0 0 19 0 13 0 0 0 0 0
1413752120 75 151 0 127 103 96 0 62 0 0 0 0 19 0 13 0 0 0 0 0
1413752612 75 152 0 127 103 96 0 62 0 0 0 0 19 0 13 0 0 0 0 0
1413753263 75 153 0 127 103 96 0 62 0 0 0 0 19 0 13 0 0 0 0 0
1413753992 75 154 0 127 103 96 0 62 0 0 0 0 19 0 13 0 0 0 0 0
1413754786 75 155 0 127 103 96 0 62 0 0 0 0 19 0 13 0 0 0 0 0
1413755679 75 156 0 127 103 96 0 62 0 0 0 0 19 0 13 0 0 0 0 0
1413862809 75 157 0 127 103 96 0 62 0 0 0 0 19 0 13 0 0 0 0 0
1413868867 75 158 0 127 103 96 0 62 0 0 0 0 19 0 13 0 0 0 0 0
1413872283 75 159 0 127 103 96 0 62 0 0 0 0 19 0 13 0 0 0 0 0
1414002824 75 160 0 127 103 96 0 62 0 0 0 0 19 0 13 0 0 0 0 0
1414003419 75 161 0 127 103 96 0 62 0 0 0 0 19 0 13 0 0 0 0 0
1415217372 75 162 0 127 103 96 0 62 0 0 0 0 19 0 13 0 0 0 0 0
1415339244 75 163 0 127 103 96 0 62 0 0 0 0 19 0 13 0 0 0 0 0
1415567948 75 163 0 128 103 96 0 62 0 0 0 0 19 0 13 0 0 0 0 0
1415568211 75 163 0 129 103 96 0 62 0 0 0 0 19 0 13 0 0 0 0 0
1416375449 75 164 0 129 103 96 0 62 0 0 0 0 19 0 13 0 0 0 0 0
1416428996 75 165 0 129 103 96 0 62 0 0 0 0 19 0 13 0 0 0 0 0
1416433319 75 166 0 129 103 96 0 62 0 0 0 0 19 0 13 0 0 0 0 0
1416461107 75 167 0 129 103 96 0 62 0 0 0 0 19 0 13 0 0 0 0 0
1416606270 75 168 0 129 103 96 0 62 0 0 0 0 19 0 13 0 0 0 0 0
1416623392 75 169 0 129 103 96 0 62 0 0 0 0 19 0 13 0 0 0 0 0
1416866956 75 170 0 129 103 96 0 62 0 0 0 0 19 0 13 0 0 0 0 0
1416893485 75 171 0 129 103 96 0 62 0 0 0 0 19 0 13 0 0 0 0 0
1416899062 75 172 0 129 103 96 0 62 0 0 0 0 19 0 13 0 0 0 0 0
1416899367 75 173 0 129 103 96 0 62 0 0 0 0 19 0 13 0 0 0 0 0
1416900121 75 174 0 129 103 96 0 62 0 0 0 0 19 0 13 0 0 0 0 0
1416900747 75 175 0 129 103 96 0 62 0 0 0 0 19 0 13 0 0 0 0 0
1416900766 75 176 0 129 103 96 0 62 0 0 0 0 19 0 13 0 0 0 0 0
1416900800 75 177 0 129 103 96 0 62 0 0 0 0 19 0 13 0 0 0 0 0
1416902186 75 178 0 129 103 96 0 62 0 0 0 0 19 0 13 0 0 0 0 0
1417023680 76 178 0 129 103 96 0 62 0 0 0 0 19 0 13 0 0 0 0 0
1417024844 77 178 0 129 103 96 0 62 0 0 0 0 19 0 13 0 0 0 0 0
1417214157 77 179 0 129 103 96 0 62 0 0 0 0 19 0 13 0 0 0 0 0
1417214402 77 180 0 129 103 96 0 62 0 0 0 0 19 0 13 0 0 0 0 0
1417214600 77 181 0 129 103 96 0 62 0 0 0 0 19 0 13 0 0 0 0 0
1417216040 77 182 0 129 103 96 0 62 0 0 0 0 19 0 13 0 0 0 0 0
1417218245 77 183 0 129 103 96 0 62 0 0 0 0 19 0 13 0 0 0 0 0
1417224871 77 184 0 129 103 96 0 62 0 0 0 0 19 0 13 0 0 0 0 0
1417225217 77 185 0 129 103 96 0 62 0 0 0 0 19 0 13 0 0 0 0 0
1417226825 77 186 0 129 103 96 0 62 0 0 0 0 19 0 13 0 0 0 0 0
1417234050 77 187 0 129 103 96 0 62 0 0 0 0 19 0 13 0 0 0 0 0
1417235680 77 188 0 129 103 96 0 62 0 0 0 0 19 0 13 0 0 0 0 0
1417558773 77 189 0 129 103 96 0 62 0 0 0 0 19 0 13 0 0 0 0 0
1420756872 77 190 0 129 103 96 0 62 0 0 0 0 19 0 13 0 0 0 0 0
1420757562 77 191 0 129 103 96 0 62 0 0 0 0 19 0 13 0 0 0 0 0
1420760297 77 192 0 129 103 96 0 62 0 0 0 0 19 0 13 0 0 0 0 0
1420760410 77 193 0 129 103 96 0 62 0 0 0 0 19 0 13 0 0 0 0 0
1420760470 77 194 0 129 103 96 0 62 0 0 0 0 19 0 13 0 0 0 0 0
1420786182 77 195 0 129 103 96 0 62 0 0 0 0 19 0 13 0 0 0 0 0
1420788939 77 196 0 129 103 96 0 62 0 0 0 0 19 0 13 0 0 0 0 0
1420789193 77 197 0 129 103 96 0 62 0 0 0 0 19 0 13 0 0 0 0 0
1420830384 78 197 0 129 103 96 0 62 0 0 0 0 19 0 13 0 0 0 0 0
1420830629 79 197 0 129 103 96 0 62 0 0 0 0 19 0 13 0 0 0 0 0
1420835309 80 197 0 129 103 96 0 62 0 0 0 0 19 0 13 0 0 0 0 0
1420835360 81 197 0 129 103 96 0 62 0 0 0 0 19 0 13 0 0 0 0 0
1420839463 82 197 0 129 103 96 0 62 0 0 0 0 19 0 13 0 0 0 0 0
1420840307 82 198 0 129 103 96 0 62 0 0 0 0 19 0 13 0 0 0 0 0
1420840586 82 199 0 129 103 96 0 62 0 0 0 0 19 0 13 0 0 0 0 0
1420841542 82 200 0 129 103 96 0 62 0 0 0 0 19 0 13 0 0 0 0 0
1420843087 82 201 0 129 103 96 0 62 0 0 0 0 19 0 13 0 0 0 0 0
1420843959 83 201 0 129 103 96 0 62 0 0 0 0 19 0 13 0 0 0 0 0
1420848039 83 202 0 129 103 96 0 62 0 0 0 0 19 0 13 0 0 0 0 0
1420860052 83 203 0 129 103 96 0 62 0 0 0 0 19 0 13 0 0 0 0 0
1420861776 83 204 0 129 103 96 0 62 0 0 0 0 19 0 13 0 0 0 0 0
1420862691 83 205 0 129 103 96 0 62 0 0 0 0 19 0 13 0 0 0 0 0
1420863575 83 206 0 129 103 96 0 62 0 0 0 0 19 0 13 0 0 0 0 0
1420863808 83 207 0 129 103 96 0 62 0 0 0 0 19 0 13 0 0 0 0 0
1420865373 83 208 0 129 103 96 0 62 0 0 0 0 19 0 13 0 0 0 0 0
1420865649 83 209 0 129 103 96 0 62 0 0 0 0 19 0 13 0 0 0 0 0
1420867731 83 210 0 129 103 96 0 62 0 0 0 0 19 0 13 0 0 0 0 0
1420868546 83 211 0 129 103 96 0 62 0 0 0 0 19 0 13 0 0 0 0 0
1420871264 83 212 0 129 103 96 0 62 0 0 0 0 19 0 13 0 0 0 0 0
1420872093 83 213 0 129 103 96 0 62 0 0 0 0 19 0 13 0 0 0 0 0
1420954779 83 214 0 129 103 96 0 62 0 0 0 0 19 0 13 0 0 0 0 0
1420955353 83 215 0 129 103 96 0 62 0 0 0 0 19 0 13 0 0 0 0 0
1420965818 83 216 0 129 103 96 0 62 0 0 0 0 19 0 13 0 0 0 0 0
1421002709 83 217 0 129 103 96 0 62 0 0 0 0 19 0 13 0 0 0 0 0
1421002991 83 218 0 129 103 96 0 62 0 0 0 0 19 0 13 0 0 0 0 0
1421004829 83 219 0 129 103 96 0 62 0 0 0 0 19 0 13 0 0 0 0 0
1421004926 83 220 0 129 103 96 0 62 0 0 0 0 19 0 13 0 0 0 0 0
1421005571 83 221 0 129 103 96 0 62 0 0 0 0 19 0 13 0 0 0 0 0
1421005777 83 222 0 129 103 96 0 62 0 0 0 0 19 0 13 0 0 0 0 0
1421005988 83 223 0 129 103 96 0 62 0 0 0 0 19 0 13 0 0 0 0 0
1421006274 83 224 0 129 103 96 0 62 0 0 0 0 19 0 13 0 0 0 0 0
1421006853 83 225 0 129 103 96 0 62 0 0 0 0 19 0 13 0 0 0 0 0
1421019358 83 226 0 129 103 96 0 62 0 0 0 0 19 0 13 0 0 0 0 0
1421019725 83 227 0 129 103 96 0 62 0 0 0 0 19 0 13 0 0 0 0 0
1421020286 83 228 0 129 103 96 0 62 0 0 0 0 19 0 13 0 0 0 0 0
1421021365 83 229 0 129 103 96 0 62 0 0 0 0 19 0 13 0 0 0 0 0
1421021930 83 230 0 129 103 96 0 62 0 0 0 0 19 0 13 0 0 0 0 0
1421023103 83 231 0 129 103 96 0 62 0 0 0 0 19 0 13 0 0 0 0 0
1421023589 83 232 0 129 103 96 0 62 0 0 0 0 19 0 13 0 0 0 0 0
1421081431 83 233 0 129 103 96 0 62 0 0 0 0 19 0 13 0 0 0 0 0
1421081569 84 233 0 129 103 96 0 62 0 0 0 0 19 0 13 0 0 0 0 0
1421081858 84 234 0 129 103 96 0 62 0 0 0 0 19 0 13 0 0 0 0 0
1421081953 85 234 0 129 103 96 0 62 0 0 0 0 19 0 13 0 0 0 0 0
1421082004 85 235 0 129 103 96 0 62 0 0 0 0 19 0 13 0 0 0 0 0
1421083494 85 236 0 129 103 96 0 62 0 0 0 0 19 0 13 0 0 0 0 0
1421083806 86 236 0 129 103 96 0 62 0 0 0 0 19 0 13 0 0 0 0 0
1421084018 87 236 0 129 103 96 0 62 0 0 0 0 19 0 13 0 0 0 0 0
1421085917 87 237 0 129 103 96 0 62 0 0 0 0 19 0 13 0 0 0 0 0
1421170015 88 237 0 129 103 96 0 62 0 0 0 0 19 0 13 0 0 0 0 0
1421183355 88 238 0 129 103 96 0 62 0 0 0 0 19 0 13 0 0 0 0 0
1421183614 88 239 0 129 103 96 0 62 0 0 0 0 19 0 13 0 0 0 0 0
1421183702 88 240 0 129 103 96 0 62 0 0 0 0 19 0 13 0 0 0 0 0
1421186278 88 241 0 129 103 96 0 62 0 0 0 0 19 0 13 0 0 0 0 0
1421186530 89 241 0 129 103 96 0 62 0 0 0 0 19 0 13 0 0 0 0 0
1421186577 89 242 0 129 103 96 0 62 0 0 0 0 19 0 13 0 0 0 0 0
1421187728 89 243 0 129 103 96 0 62 0 0 0 0 19 0 13 0 0 0 0 0
1421197280 89 244 0 129 103 96 0 62 0 0 0 0 19 0 13 0 0 0 0 0
1421254437 90 244 0 129 103 96 0 62 0 0 0 0 19 0 13 0 0 0 0 0
1421254565 91 244 0 129 103 96 0 62 0 0 0 0 19 0 13 0 0 0 0 0
1421254738 92 244 0 129 103 96 0 62 0 0 0 0 19 0 13 0 0 0 0 0
1421259982 93 244 0 129 103 96 0 62 0 0 0 0 19 0 13 0 0 0 0 0
1421265510 94 244 0 129 103 96 0 62 0 0 0 0 19 0 13 0 0 0 0 0
1421271743 95 244 0 129 103 96 0 62 0 0 0 0 19 0 13 0 0 0 0 0
1421292150 95 245 0 129 103 96 0 62 0 0 0 0 19 0 13 0 0 0 0 0
1421296682 95 246 0 129 103 96 0 62 0 0 0 0 19 0 13 0 0 0 0 0
1421305324 95 247 0 129 103 96 0 62 0 0 0 0 19 0 13 0 0 0 0 0
1421306130 95 248 0 129 103 96 0 62 0 0 0 0 19 0 13 0 0 0 0 0
1421306424 95 249 0 129 103 96 0 62 0 0 0 0 19 0 13 0 0 0 0 0
1421738615 95 250 0 129 103 96 0 62 0 0 0 0 19 0 13 0 0 0 0 0
1421776380 95 251 0 129 103 96 0 62 0 0 0 0 19 0 13 0 0 0 0 0
1421777059 95 252 0 129 103 96 0 62 0 0 0 0 19 0 13 0 0 0 0 0
1421778039 95 253 0 129 103 96 0 62 0 0 0 0 19 0 13 0 0 0 0 0
1421781490 95 254 0 129 103 96 0 62 0 0 0 0 19 0 13 0 0 0 0 0
1421782093 95 255 0 129 103 96 0 62 0 0 0 0 19 0 13 0 0 0 0 0
1421788371 96 255 0 129 103 96 0 62 0 0 0 0 19 0 13 0 0 0 0 0
1421788406 97 255 0 129 103 96 0 62 0 0 0 0 19 0 13 0 0 0 0 0
1421788439 98 255 0 129 103 96 0 62 0 0 0 0 19 0 13 0 0 0 0 0
1421809708 99 255 0 129 103 96 0 62 0 0 0 0 19 0 13 0 0 0 0 0
1421811246 100 255 0 129 103 96 0 62 0 0 0 0 19 0 13 0 0 0 0 0
1421814377 101 255 0 129 103 96 0 62 0 0 0 0 19 0 13 0 0 0 0 0
1421866005 101 256 0 129 103 96 0 62 0 0 0 0 19 0 13 0 0 0 0 0
1421881650 101 257 0 129 103 96 0 62 0 0 0 0 19 0 13 0 0 0 0 0
1421885474 101 258 0 129 103 96 0 62 0 0 0 0 19 0 13 0 0 0 0 0
1421905133 101 259 0 129 103 96 0 62 0 0 0 0 19 0 13 0 0 0 0 0
1421905606 101 260 0 129 103 96 0 62 0 0 0 0 19 0 13 0 0 0 0 0
1421907053 101 261 0 129 103 96 0 62 0 0 0 0 19 0 13 0 0 0 0 0
1421908241 101 262 0 129 103 96 0 62 0 0 0 0 19 0 13 0 0 0 0 0
1421918275 101 263 0 129 103 96 0 62 0 0 0 0 19 0 13 0 0 0 0 0
1421918347 101 264 0 129 103 96 0 62 0 0 0 0 19 0 13 0 0 0 0 0
1421920402 101 265 0 129 103 96 0 62 0 0 0 0 19 0 13 0 0 0 0 0
1421963498 102 265 0 129 103 96 0 62 0 0 0 0 19 0 13 0 0 0 0 0
1421963512 103 265 0 129 103 96 0 62 0 0 0 0 19 0 13 0 0 0 0 0
1421964430 104 265 0 129 103 96 0 62 0 0 0 0 19 0 13 0 0 0 0 0
1421971685 104 266 0 129 103 96 0 62 0 0 0 0 19 0 13 0 0 0 0 0
1421971712 104 267 0 129 103 96 0 62 0 0 0 0 19 0 13 0 0 0 0 0
1421972167 104 268 0 129 103 96 0 62 0 0 0 0 19 0 13 0 0 0 0 0
1421974239 104 269 0 129 103 96 0 62 0 0 0 0 19 0 13 0 0 0 0 0
1421975253 104 270 0 129 103 96 0 62 0 0 0 0 19 0 13 0 0 0 0 0
1422002020 104 270 1 129 103 96 0 62 0 0 0 0 19 0 13 0 0 0 0 0
1422027783 104 270 2 129 103 96 0 62 0 0 0 0 19 0 13 0 0 0 0 0
1422028087 104 270 3 129 103 96 0 62 0 0 0 0 19 0 13 0 0 0 0 0
1422214754 105 270 3 129 103 96 0 62 0 0 0 0 19 0 13 0 0 0 0 0
1422221606 106 270 3 129 103 96 0 62 0 0 0 0 19 0 13 0 0 0 0 0
1422327892 107 270 3 129 103 96 0 62 0 0 0 0 19 0 13 0 0 0 0 0
1422494684 107 271 3 129 103 96 0 62 0 0 0 0 19 0 13 0 0 0 0 0
1422495742 107 272 3 129 103 96 0 62 0 0 0 0 19 0 13 0 0 0 0 0
1422652396 107 272 4 129 103 96 0 62 0 0 0 0 19 0 13 0 0 0 0 0
1422676794 108 272 4 129 103 96 0 62 0 0 0 0 19 0 13 0 0 0 0 0
1422676842 109 272 4 129 103 96 0 62 0 0 0 0 19 0 13 0 0 0 0 0
1422676899 110 272 4 129 103 96 0 62 0 0 0 0 19 0 13 0 0 0 0 0
1422823337 110 273 4 129 103 96 0 62 0 0 0 0 19 0 13 0 0 0 0 0
1422824221 110 274 4 129 103 96 0 62 0 0 0 0 19 0 13 0 0 0 0 0
1422825141 111 274 4 129 103 96 0 62 0 0 0 0 19 0 13 0 0 0 0 0
1422825901 111 274 4 129 103 96 0 62 1 0 0 0 19 0 13 0 0 0 0 0
1422830421 111 275 4 129 103 96 0 62 1 0 0 0 19 0 13 0 0 0 0 0
1422830845 111 276 4 129 103 96 0 62 1 0 0 0 19 0 13 0 0 0 0 0
1422894299 112 276 4 129 103 96 0 62 1 0 0 0 19 0 13 0 0 0 0 0
1423449938 112 277 4 129 103 96 0 62 1 0 0 0 19 0 13 0 0 0 0 0
1423451101 112 278 4 129 103 96 0 62 1 0 0 0 19 0 13 0 0 0 0 0
1423451525 112 279 4 129 103 96 0 62 1 0 0 0 19 0 13 0 0 0 0 0
1423464399 112 280 4 129 103 96 0 62 1 0 0 0 19 0 13 0 0 0 0 0
1423464681 112 281 4 129 103 96 0 62 1 0 0 0 19 0 13 0 0 0 0 0
1423464980 112 282 4 129 103 96 0 62 1 0 0 0 19 0 13 0 0 0 0 0
1423465601 112 283 4 129 103 96 0 62 1 0 0 0 19 0 13 0 0 0 0 0
1423537052 113 283 4 129 103 96 0 62 1 0 0 0 19 0 13 0 0 0 0 0
1423550866 114 283 4 129 103 96 0 62 1 0 0 0 19 0 13 0 0 0 0 0
1423551496 115 283 4 129 103 96 0 62 1 0 0 0 19 0 13 0 0 0 0 0
1423551530 116 283 4 129 103 96 0 62 1 0 0 0 19 0 13 0 0 0 0 0
1423588809 116 284 4 129 103 96 0 62 1 0 0 0 19 0 13 0 0 0 0 0
1423590712 116 285 4 129 103 96 0 62 1 0 0 0 19 0 13 0 0 0 0 0
1423591006 116 286 4 129 103 96 0 62 1 0 0 0 19 0 13 0 0 0 0 0
1423591036 116 287 4 129 103 96 0 62 1 0 0 0 19 0 13 0 0 0 0 0
1423591346 116 288 4 129 103 96 0 62 1 0 0 0 19 0 13 0 0 0 0 0
1423591348 116 289 4 129 103 96 0 62 1 0 0 0 19 0 13 0 0 0 0 0
1423614579 116 290 4 129 103 96 0 62 1 0 0 0 19 0 13 0 0 0 0 0
1423625249 117 290 4 129 103 96 0 62 1 0 0 0 19 0 13 0 0 0 0 0
1423625360 118 290 4 129 103 96 0 62 1 0 0 0 19 0 13 0 0 0 0 0
1423625386 119 290 4 129 103 96 0 62 1 0 0 0 19 0 13 0 0 0 0 0
1424060702 120 290 4 129 103 96 0 62 1 0 0 0 19 0 13 0 0 0 0 0
1424152784 121 290 4 129 103 96 0 62 1 0 0 0 19 0 13 0 0 0 0 0
1424152911 122 290 4 129 103 96 0 62 1 0 0 0 19 0 13 0 0 0 0 0
1424201674 122 290 4 129 103 96 0 62 2 0 0 0 19 0 13 0 0 0 0 0
1424996857 122 290 5 129 103 96 0 62 2 0 0 0 19 0 13 0 0 0 0 0
1425014995 122 290 6 129 103 96 0 62 2 0 0 0 19 0 13 0 0 0 0 0
1425015308 122 290 7 129 103 96 0 62 2 0 0 0 19 0 13 0 0 0 0 0
1425061842 123 290 7 129 103 96 0 62 2 0 0 0 19 0 13 0 0 0 0 0
1425364248 124 290 7 129 103 96 0 62 2 0 0 0 19 0 13 0 0 0 0 0
1426020212 124 291 7 129 103 96 0 62 2 0 0 0 19 0 13 0 0 0 0 0
1426020889 124 292 7 129 103 96 0 62 2 0 0 0 19 0 13 0 0 0 0 0
1426021386 124 293 7 129 103 96 0 62 2 0 0 0 19 0 13 0 0 0 0 0
1426539524 124 294 7 129 103 96 0 62 2 0 0 0 19 0 13 0 0 0 0 0
1426540896 124 295 7 129 103 96 0 62 2 0 0 0 19 0 13 0 0 0 0 0
1426547111 124 295 7 129 103 96 0 62 2 0 0 0 19 0 13 0 0 1 0 0
1426547812 124 295 7 129 103 96 0 62 2 0 0 0 19 0 13 0 0 1 0 0
1426548038 124 295 7 129 103 96 0 62 2 0 0 0 19 0 13 0 0 1 0 0
1426548543 124 295 7 129 103 96 0 62 2 0 0 0 19 0 13 0 0 1 0 0
1426550900 124 296 7 129 103 96 0 62 2 0 0 0 19 0 13 0 0 1 0 0
1426630879 124 297 7 129 103 96 0 62 2 0 0 0 19 0 13 0 0 1 0 0
1426814964 124 297 7 129 103 96 0 62 2 0 0 0 19 0 13 0 0 2 0 0
1426883780 124 297 7 129 103 96 0 62 2 0 0 0 19 0 13 0 0 3 0 0
1426884643 124 297 7 129 103 96 0 62 2 0 0 0 19 0 13 0 0 4 0 0
1426884890 124 297 7 129 103 96 0 62 2 0 0 0 19 0 13 0 0 4 0 0
1426884951 124 297 7 129 103 96 0 62 2 0 0 0 19 0 13 0 0 4 0 0
1426884992 124 297 7 129 103 96 0 62 2 0 0 0 19 0 13 0 0 4 0 0
1426885078 124 297 7 129 103 96 0 62 2 0 0 0 19 0 13 0 0 4 0 0
1427137253 124 298 7 129 103 96 0 62 2 0 0 0 19 0 13 0 0 4 0 0
1428113702 124 298 7 129 103 96 0 62 3 0 0 0 19 0 13 0 0 4 0 0
1428113862 125 298 7 129 103 96 0 62 3 0 0 0 19 0 13 0 0 4 0 0
1428113883 126 298 7 129 103 96 0 62 3 0 0 0 19 0 13 0 0 4 0 0
1428343594 126 298 8 129 103 96 0 62 3 0 0 0 19 0 13 0 0 4 0 0
1428432145 126 299 8 129 103 96 0 62 3 0 0 0 19 0 13 0 0 4 0 0
1428438225 126 299 8 129 103 96 0 62 3 0 0 0 19 0 13 0 0 4 0 0
1428438444 126 299 8 129 103 96 0 62 3 0 0 0 19 0 13 0 0 4 0 0
1428438665 126 299 8 129 103 96 0 62 3 0 0 0 19 0 13 0 0 4 0 0
1428541593 126 299 9 129 103 96 0 62 3 0 0 0 19 0 13 0 0 4 0 0
1428883597 126 299 9 129 103 96 0 62 3 0 0 0 19 0 13 0 0 5 0 0
1429043099 126 299 9 129 103 96 0 62 3 0 0 0 19 0 13 0 0 7 0 0
1429044977 126 299 9 129 103 96 0 62 3 0 0 0 19 0 13 0 0 8 0 0
1429045337 126 299 9 129 103 96 0 62 3 0 0 0 19 0 13 0 0 8 0 0
1429109948 126 299 9 129 103 96 0 62 3 0 0 0 19 0 13 0 0 8 0 1
1429137612 126 299 9 129 103 96 0 62 4 0 0 0 19 0 13 0 0 8 0 1
1429137699 126 299 9 129 103 96 0 62 5 0 0 0 19 0 13 0 0 8 0 1
1429245999 126 299 9 129 103 96 0 62 5 0 0 0 19 0 13 0 0 8 0 1
1429246203 126 299 9 129 103 96 0 62 5 0 0 0 19 0 13 0 0 8 0 1
1429650185 126 299 9 129 103 96 0 62 5 0 0 0 19 0 13 0 0 9 0 1
1429650257 126 299 9 129 103 96 0 62 5 0 0 0 19 0 13 0 0 10 0 1
1429652353 126 299 9 129 103 96 0 62 5 0 0 0 19 0 13 0 0 10 0 1
1429910803 126 299 9 129 103 96 0 62 5 0 0 0 19 0 13 0 0 10 0 1
1430249173 126 299 9 129 103 96 0 62 5 0 0 0 19 0 13 0 0 10 0 1
1430281310 126 299 9 129 103 96 0 62 6 0 0 0 19 0 13 0 0 10 0 1
1430284431 126 299 9 129 103 96 0 62 7 0 0 0 19 0 13 0 0 10 0 1
1430284669 126 299 9 129 103 96 0 62 8 0 0 0 19 0 13 0 0 10 0 1
1430288667 126 299 9 129 103 96 0 62 9 0 0 0 19 0 13 0 0 10 0 1
1430290779 126 299 9 129 103 96 0 62 10 0 0 0 19 0 13 0 0 10 0 1
1430859570 126 299 9 129 103 96 0 62 10 0 0 0 19 0 13 0 0 11 0 1
1430859915 126 299 9 129 103 96 0 62 10 0 0 0 19 0 13 0 0 11 0 1
1430881859 126 299 9 129 103 96 0 62 11 0 0 0 19 0 13 0 0 11 0 1
1430882063 126 299 9 129 103 96 0 62 12 0 0 0 19 0 13 0 0 11 0 1
1430883130 126 299 9 129 103 96 0 62 13 0 0 0 19 0 13 0 0 11 0 1
1430883208 126 299 9 129 103 96 0 62 14 0 0 0 19 0 13 0 0 11 0 1
1430883536 126 299 9 129 103 96 0 62 15 0 0 0 19 0 13 0 0 11 0 1
1430884584 126 299 9 129 103 96 0 62 16 0 0 0 19 0 13 0 0 11 0 1
1431291819 126 299 9 129 103 96 0 62 16 0 0 0 19 0 13 0 0 11 0 2
1431291894 126 299 9 129 103 96 0 62 16 0 0 0 19 0 13 0 0 11 0 3
1431528946 126 299 9 129 103 96 0 62 17 0 0 0 19 0 13 0 0 11 0 3
1431529084 126 299 9 129 103 96 0 62 18 0 0 0 19 0 13 0 0 11 0 3
1431529186 126 299 9 129 103 96 0 62 19 0 0 0 19 0 13 0 0 11 0 3
1431626753 126 299 9 129 103 96 0 62 20 0 0 0 19 0 13 0 0 11 0 3
1431627403 126 300 9 129 103 96 0 62 20 0 0 0 19 0 13 0 0 11 0 3
1431629880 126 301 9 129 103 96 0 62 20 0 0 0 19 0 13 0 0 11 0 3
1431630069 126 302 9 129 103 96 0 62 20 0 0 0 19 0 13 0 0 11 0 3
1431630417 126 303 9 129 103 96 0 62 20 0 0 0 19 0 13 0 0 11 0 3
1431632655 126 303 9 129 103 96 0 62 20 0 0 0 19 0 13 0 0 11 0 4
1431633247 126 303 9 129 103 96 0 62 20 0 0 0 19 0 13 0 0 11 0 5
1431634037 126 303 9 129 103 96 0 62 20 0 0 0 19 0 13 0 0 11 0 6
1431635778 126 304 9 129 103 96 0 62 20 0 0 0 19 0 13 0 0 11 0 6
1431638535 126 304 9 129 103 96 0 62 20 0 0 0 19 0 13 0 0 11 0 7
1431639864 126 305 9 129 103 96 0 62 20 0 0 0 19 0 13 0 0 11 0 7
1432911299 126 305 9 129 103 96 0 62 20 0 0 0 19 0 13 0 0 11 1 7
1432911701 126 305 9 129 103 96 0 62 20 0 0 0 19 0 13 0 0 11 2 7
1432987916 126 305 9 129 103 96 0 62 20 0 0 0 19 0 13 0 0 11 3 7
1432987933 126 305 9 129 103 96 0 62 20 0 0 0 19 0 13 0 0 11 4 7
1432988002 126 305 9 129 103 96 0 62 20 0 0 0 19 0 13 0 0 11 5 7
1432988077 126 305 9 129 103 96 0 62 20 0 0 0 19 0 13 0 0 11 6 7
1433461695 126 305 9 129 103 96 0 62 20 1 0 0 19 0 13 0 0 11 6 7
1433461744 126 305 9 129 103 96 0 62 20 2 0 0 19 0 13 0 0 11 6 7
1433461787 126 305 9 129 103 96 0 62 20 3 0 0 19 0 13 0 0 11 6 7
1433692132 126 305 9 129 103 96 0 62 20 3 0 0 19 0 13 0 0 11 7 7
1433776812 126 305 9 129 103 96 0 62 20 3 0 0 19 0 13 0 0 11 8 7
1433790579 127 305 9 129 103 96 0 62 20 3 0 0 19 0 13 0 0 11 8 7
1433790738 128 305 9 129 103 96 0 62 20 3 0 0 19 0 13 0 0 11 8 7
1433792446 129 305 9 129 103 96 0 62 20 3 0 0 19 0 13 0 0 11 8 7
1433793152 129 305 9 129 103 96 0 62 20 3 0 0 19 0 13 0 0 11 8 7
1433794447 130 305 9 129 103 96 0 62 20 3 0 0 19 0 13 0 0 11 8 7
1433794448 130 305 9 129 103 96 0 62 20 3 0 0 19 0 13 0 0 11 8 7
1433794790 131 305 9 129 103 96 0 62 20 3 0 0 19 0 13 0 0 11 8 7
1433870117 132 305 9 129 103 96 0 62 20 3 0 0 19 0 13 0 0 11 8 7
1433870170 133 305 9 129 103 96 0 62 20 3 0 0 19 0 13 0 0 11 8 7
1433878754 134 305 9 129 103 96 0 62 20 3 0 0 19 0 13 0 0 11 8 7
1433885507 135 305 9 129 103 96 0 62 20 3 0 0 19 0 13 0 0 11 8 7
1433966037 136 305 9 129 103 96 0 62 20 3 0 0 19 0 13 0 0 11 8 7
1434035757 137 305 9 129 103 96 0 62 20 3 0 0 19 0 13 0 0 11 8 7
1434569034 137 305 9 129 103 96 0 62 20 3 0 0 19 0 13 0 0 11 8 7
1435006961 138 305 9 129 103 96 0 62 20 3 0 0 19 0 13 0 0 11 8 7
1435006996 139 305 9 129 103 96 0 62 20 3 0 0 19 0 13 0 0 11 8 7
1435007184 140 305 9 129 103 96 0 62 20 3 0 0 19 0 13 0 0 11 8 7
1435007486 141 305 9 129 103 96 0 62 20 3 0 0 19 0 13 0 0 11 8 7
1435331037 141 305 9 129 103 96 0 62 20 3 0 0 19 0 13 0 0 11 8 7
1435332637 141 305 9 129 103 96 0 62 20 3 0 0 19 0 13 0 0 11 8 7
1436301141 141 305 9 129 103 96 0 62 20 3 0 0 19 0 13 0 0 11 8 7
1436388424 142 305 9 129 103 96 0 62 20 3 0 0 19 0 13 0 0 11 8 7
1436388669 143 305 9 129 103 96 0 62 20 3 0 0 19 0 13 0 0 11 8 7
1436837340 144 305 9 129 103 96 0 62 20 3 0 0 19 0 13 0 0 11 8 7
1436895417 145 305 9 129 103 96 0 62 20 3 0 0 19 0 13 0 0 11 8 7
1436899659 146 305 9 129 103 96 0 62 20 3 0 0 19 0 13 0 0 11 8 7
1436899985 147 305 9 129 103 96 0 62 20 3 0 0 19 0 13 0 0 11 8 7
1436900490 148 305 9 129 103 96 0 62 20 3 0 0 19 0 13 0 0 11 8 7
1436995435 148 305 9 129 103 96 0 62 20 3 0 0 19 0 13 0 0 11 8 7
1437055125 148 305 9 129 103 96 0 62 20 3 0 0 19 0 13 1 0 11 8 7
1437059434 148 305 9 129 103 96 0 62 20 3 0 0 19 0 13 2 0 11 8 7
1437060608 148 305 9 129 103 96 1 62 20 3 0 0 19 0 13 2 0 11 8 7
1437078630 148 305 9 129 103 96 2 62 20 3 0 0 19 0 13 2 0 11 8 7
1437083685 149 305 9 129 103 96 2 62 20 3 0 0 19 0 13 2 0 11 8 7
1437083992 149 305 9 129 103 96 2 62 20 4 0 0 19 0 13 2 0 11 8 7
1437147242 149 305 9 129 103 96 3 62 20 4 0 0 19 0 13 2 0 11 8 7
1437454819 150 305 9 129 103 96 3 62 20 4 0 0 19 0 13 2 0 11 8 7
1437587693 151 305 9 129 103 96 3 62 20 4 0 0 19 0 13 2 0 11 8 7
1437603639 152 305 9 129 103 96 3 62 20 4 0 0 19 0 13 2 0 11 8 7
1437622068 152 305 9 129 103 96 3 62 20 4 0 0 19 0 13 2 1 11 8 7
1437664305 153 305 9 129 103 96 3 62 20 4 0 0 19 0 13 2 1 11 8 7
1438009862 153 305 9 129 103 96 3 62 20 4 0 0 19 0 13 2 1 11 8 7
1438011087 153 305 9 129 103 96 3 62 20 4 0 0 19 0 13 2 1 11 8 7
1438234934 154 305 9 129 103 96 3 62 20 4 0 0 19 0 13 2 1 11 8 7
1438286568 154 305 9 129 103 96 4 62 20 4 0 0 19 0 13 2 1 11 8 7
1438288277 154 305 9 129 103 96 5 62 20 4 0 0 19 0 13 2 1 11 8 7
1438362683 155 305 9 129 103 96 5 62 20 4 0 0 19 0 13 2 1 11 8 7
1438408570 156 305 9 129 103 96 5 62 20 4 0 0 19 0 13 2 1 11 8 7
1438408603 157 305 9 129 103 96 5 62 20 4 0 0 19 0 13 2 1 11 8 7
1438714233 158 305 9 129 103 96 5 62 20 4 0 0 19 0 13 2 1 11 8 7
1438891321 158 305 9 129 103 96 6 62 20 4 0 0 19 0 13 2 1 11 8 7
1438894409 158 305 9 129 103 96 6 62 20 4 1 0 19 0 13 2 1 11 8 7
1438925116 159 305 9 129 103 96 6 62 20 4 1 0 19 0 13 2 1 11 8 7
1438928451 160 305 9 129 103 96 6 62 20 4 1 0 19 0 13 2 1 11 8 7
1438928828 160 305 9 129 103 96 6 62 20 5 1 0 19 0 13 2 1 11 8 7
1438967472 161 305 9 129 103 96 6 62 20 5 1 0 19 0 13 2 1 11 8 7
1438974715 162 305 9 129 103 96 6 62 20 5 1 0 19 0 13 2 1 11 8 7
1438974876 162 305 9 129 103 96 6 62 20 6 1 0 19 0 13 2 1 11 8 7
1439065289 162 305 9 129 103 96 6 62 20 6 1 0 19 0 13 2 2 11 8 7
1439183969 163 305 9 129 103 96 6 62 20 6 1 0 19 0 13 2 2 11 8 7
1439184121 164 305 9 129 103 96 6 62 20 6 1 0 19 0 13 2 2 11 8 7
1439184280 165 305 9 129 103 96 6 62 20 6 1 0 19 0 13 2 2 11 8 7
1439184305 166 305 9 129 103 96 6 62 20 6 1 0 19 0 13 2 2 11 8 7
1439216026 167 305 9 129 103 96 6 62 20 6 1 0 19 0 13 2 2 11 8 7
1439217546 167 305 9 129 103 96 6 62 20 6 1 0 19 0 13 2 3 11 8 7
1439217809 168 305 9 129 103 96 6 62 20 6 1 0 19 0 13 2 3 11 8 7
1439217847 169 305 9 129 103 96 6 62 20 6 1 0 19 0 13 2 3 11 8 7
1439217857 170 305 9 129 103 96 6 62 20 6 1 0 19 0 13 2 3 11 8 7
1439219027 171 305 9 129 103 96 6 62 20 6 1 0 19 0 13 2 3 11 8 7
1439257841 171 305 9 129 103 96 6 62 20 6 1 0 19 0 13 2 4 11 8 7
1439257960 171 305 9 129 103 96 6 62 20 6 1 0 19 0 13 2 5 11 8 7
1439319094 172 305 9 129 103 96 6 62 20 6 1 0 19 0 13 2 5 11 8 7
1439319123 173 305 9 129 103 96 6 62 20 6 1 0 19 0 13 2 5 11 8 7
1439319252 173 305 9 129 103 96 6 62 20 7 1 0 19 0 13 2 5 11 8 7
1439319390 173 305 9 129 103 96 6 62 20 8 1 0 19 0 13 2 5 11 8 7
1439335267 173 305 9 129 103 96 6 62 20 8 2 0 19 0 13 2 5 11 8 7
1439350807 174 305 9 129 103 96 6 62 20 8 2 0 19 0 13 2 5 11 8 7
1439350822 175 305 9 129 103 96 6 62 20 8 2 0 19 0 13 2 5 11 8 7
1439395086 176 305 9 129 103 96 6 62 20 8 2 0 19 0 13 2 5 11 8 7
1439395728 176 305 9 129 103 96 6 62 20 9 2 0 19 0 13 2 5 11 8 7
1439396729 176 305 9 129 103 96 6 62 20 9 2 0 19 0 13 2 6 11 8 7
1439397627 177 305 9 129 103 96 6 62 20 9 2 0 19 0 13 2 6 11 8 7
1439397884 178 305 9 129 103 96 6 62 20 9 2 0 19 0 13 2 6 11 8 7
1439397909 179 305 9 129 103 96 6 62 20 9 2 0 19 0 13 2 6 11 8 7
1439399537 179 305 9 129 103 96 6 62 20 10 2 0 19 0 13 2 6 11 8 7
1439413078 180 305 9 129 103 96 6 62 20 10 2 0 19 0 13 2 6 11 8 7
1439413149 180 305 9 129 103 96 6 62 20 11 2 0 19 0 13 2 6 11 8 7
1439414077 180 305 9 129 103 96 6 62 20 11 3 0 19 0 13 2 6 11 8 7
1439442201 181 305 9 129 103 96 6 62 20 11 3 0 19 0 13 2 6 11 8 7
1439442250 181 305 9 129 103 96 6 62 20 12 3 0 19 0 13 2 6 11 8 7
1439530556 182 305 9 129 103 96 6 62 20 12 3 0 19 0 13 2 6 11 8 7
1439580967 182 305 9 129 103 96 7 62 20 12 3 0 19 0 13 2 6 11 8 7
1439581166 182 305 9 129 103 96 8 62 20 12 3 0 19 0 13 2 6 11 8 7
1439660226 183 305 9 129 103 96 8 62 20 12 3 0 19 0 13 2 6 11 8 7
1439660949 184 305 9 129 103 96 8 62 20 12 3 0 19 0 13 2 6 11 8 7
1439827226 184 305 9 129 103 96 9 62 20 12 3 0 19 0 13 2 6 11 8 7
1439925309 184 305 9 129 103 96 9 62 20 13 3 0 19 0 13 2 6 11 8 7
1439937584 185 305 9 129 103 96 9 62 20 13 3 0 19 0 13 2 6 11 8 7
1439937622 185 305 9 129 103 96 9 62 20 14 3 0 19 0 13 2 6 11 8 7
1439945211 186 305 9 129 103 96 9 62 20 14 3 0 19 0 13 2 6 11 8 7
1439989570 186 305 9 129 103 96 10 62 20 14 3 0 19 0 13 2 6 11 8 7
1439992595 186 305 9 129 103 96 11 62 20 14 3 0 19 0 13 2 6 11 8 7
1439995775 186 305 9 129 103 96 12 62 20 14 3 0 19 0 13 2 6 11 8 7
1439996204 186 305 9 129 103 96 12 62 20 14 3 0 19 0 13 3 6 11 8 7
1440004991 186 305 9 129 103 96 13 62 20 14 3 0 19 0 13 3 6 11 8 7
1440010212 186 305 9 129 103 96 13 62 20 14 4 0 19 0 13 3 6 11 8 7
1440049810 187 305 9 129 103 96 13 62 20 14 4 0 19 0 13 3 6 11 8 7
1440079890 187 305 9 129 103 96 14 62 20 14 4 0 19 0 13 3 6 11 8 7
1440079956 187 305 9 129 103 96 15 62 20 14 4 0 19 0 13 3 6 11 8 7
1440080461 187 305 9 129 103 96 16 62 20 14 4 0 19 0 13 3 6 11 8 7
1440091933 187 305 9 129 103 96 17 62 20 14 4 0 19 0 13 3 6 11 8 7
1440095624 187 305 9 129 103 96 17 62 20 14 5 0 19 0 13 3 6 11 8 7
1440139062 188 305 9 129 103 96 17 62 20 14 5 0 19 0 13 3 6 11 8 7
1440139067 189 305 9 129 103 96 17 62 20 14 5 0 19 0 13 3 6 11 8 7
1440139195 190 305 9 129 103 96 17 62 20 14 5 0 19 0 13 3 6 11 8 7
1440166350 190 305 9 129 103 96 17 62 20 14 5 0 19 0 13 3 7 11 8 7
1440166416 190 305 9 129 103 96 17 62 20 14 5 0 19 0 13 3 8 11 8 7
1440166887 190 305 9 129 103 96 17 62 20 14 5 0 19 0 13 3 9 11 8 7
1440170169 191 305 9 129 103 96 17 62 20 14 5 0 19 0 13 3 9 11 8 7
1440187689 192 305 9 129 103 96 17 62 20 14 5 0 19 0 13 3 9 11 8 7
1440189730 193 305 9 129 103 96 17 62 20 14 5 0 19 0 13 3 9 11 8 7
1440229756 194 305 9 129 103 96 17 62 20 14 5 0 19 0 13 3 9 11 8 7
1440233012 195 305 9 129 103 96 17 62 20 14 5 0 19 0 13 3 9 11 8 7
1440253412 196 305 9 129 103 96 17 62 20 14 5 0 19 0 13 3 9 11 8 7
1440254865 197 305 9 129 103 96 17 62 20 14 5 0 19 0 13 3 9 11 8 7
1440287704 198 305 9 129 103 96 17 62 20 14 5 0 19 0 13 3 9 11 8 7
1440287724 199 305 9 129 103 96 17 62 20 14 5 0 19 0 13 3 9 11 8 7
1440386499 199 305 10 129 103 96 17 62 20 14 5 0 19 0 13 3 9 11 8 7
1440386524 199 305 11 129 103 96 17 62 20 14 5 0 19 0 13 3 9 11 8 7
1440454016 199 305 12 129 103 96 17 62 20 14 5 0 19 0 13 3 9 11 8 7
1440469932 199 305 12 129 103 96 17 62 20 14 5 0 19 0 13 3 10 11 8 7
1440476802 200 305 12 129 103 96 17 62 20 14 5 0 19 0 13 3 10 11 8 7
1440476982 201 305 12 129 103 96 17 62 20 14 5 0 19 0 13 3 10 11 8 7
1440476996 202 305 12 129 103 96 17 62 20 14 5 0 19 0 13 3 10 11 8 7
1440515068 203 305 12 129 103 96 17 62 20 14 5 0 19 0 13 3 10 11 8 7
1440523989 203 305 12 129 103 96 17 62 20 14 5 0 19 0 13 3 11 11 8 7
1440525602 203 305 13 129 103 96 17 62 20 14 5 0 19 0 13 3 11 11 8 7
1440527976 204 305 13 129 103 96 17 62 20 14 5 0 19 0 13 3 11 11 8 7
1440536625 205 305 13 129 103 96 17 62 20 14 5 0 19 0 13 3 11 11 8 7
1440549688 206 305 13 129 103 96 17 62 20 14 5 0 19 0 13 3 11 11 8 7
1440549815 207 305 13 129 103 96 17 62 20 14 5 0 19 0 13 3 11 11 8 7
1440560781 207 305 14 129 103 96 17 62 20 14 5 0 19 0 13 3 11 11 8 7
1440561125 207 305 15 129 103 96 17 62 20 14 5 0 19 0 13 3 11 11 8 7
1440561204 207 305 16 129 103 96 17 62 20 14 5 0 19 0 13 3 11 11 8 7
1440561485 207 305 17 129 103 96 17 62 20 14 5 0 19 0 13 3 11 11 8 7
1440565510 208 305 17 129 103 96 17 62 20 14 5 0 19 0 13 3 11 11 8 7
1440565777 209 305 17 129 103 96 17 62 20 14 5 0 19 0 13 3 11 11 8 7
1440565799 210 305 17 129 103 96 17 62 20 14 5 0 19 0 13 3 11 11 8 7
1440565878 210 305 17 129 103 96 17 62 20 15 5 0 19 0 13 3 11 11 8 7
1440566048 211 305 17 129 103 96 17 62 20 15 5 0 19 0 13 3 11 11 8 7
1440592798 211 305 18 129 103 96 17 62 20 15 5 0 19 0 13 3 11 11 8 7
1440612985 211 305 19 129 103 96 17 62 20 15 5 0 19 0 13 3 11 11 8 7
1440613644 211 305 20 129 103 96 17 62 20 15 5 0 19 0 13 3 11 11 8 7
1440616321 211 305 21 129 103 96 17 62 20 15 5 0 19 0 13 3 11 11 8 7
1440705012 211 305 21 129 103 96 18 62 20 15 5 0 19 0 13 3 11 11 8 7
1440812232 212 305 21 129 103 96 18 62 20 15 5 0 19 0 13 3 11 11 8 7
1440812289 213 305 21 129 103 96 18 62 20 15 5 0 19 0 13 3 11 11 8 7
1440995805 213 305 22 129 103 96 18 62 20 15 5 0 19 0 13 3 11 11 8 7
1441002114 214 305 22 129 103 96 18 62 20 15 5 0 19 0 13 3 11 11 8 7
1441002148 215 305 22 129 103 96 18 62 20 15 5 0 19 0 13 3 11 11 8 7
1441032598 215 305 23 129 103 96 18 62 20 15 5 0 19 0 13 3 11 11 8 7
1441032720 216 305 23 129 103 96 18 62 20 15 5 0 19 0 13 3 11 11 8 7
1441032783 217 305 23 129 103 96 18 62 20 15 5 0 19 0 13 3 11 11 8 7
1441036969 217 305 24 129 103 96 18 62 20 15 5 0 19 0 13 3 11 11 8 7
1441047790 217 305 24 129 103 96 19 62 20 15 5 0 19 0 13 3 11 11 8 7
1441049861 217 305 25 129 103 96 19 62 20 15 5 0 19 0 13 3 11 11 8 7
1441382576 217 305 25 129 103 96 20 62 20 15 5 0 19 0 13 3 11 11 8 7
1441398149 217 305 26 129 103 96 20 62 20 15 5 0 19 0 13 3 11 11 8 7
1441424730 217 305 27 129 103 96 20 62 20 15 5 0 19 0 13 3 11 11 8 7
1441424784 217 305 28 129 103 96 20 62 20 15 5 0 19 0 13 3 11 11 8 7
1441425004 217 305 29 129 103 96 20 62 20 15 5 0 19 0 13 3 11 11 8 7
1441465686 217 305 30 129 103 96 20 62 20 15 5 0 19 0 13 3 11 11 8 7
1441579240 217 305 31 129 103 96 20 62 20 15 5 0 19 0 13 3 11 11 8 7
1441639745 218 305 31 129 103 96 20 62 20 15 5 0 19 0 13 3 11 11 8 7
1441639764 219 305 31 129 103 96 20 62 20 15 5 0 19 0 13 3 11 11 8 7
1441643584 219 305 32 129 103 96 20 62 20 15 5 0 19 0 13 3 11 11 8 7
1441643614 219 305 33 129 103 96 20 62 20 15 5 0 19 0 13 3 11 11 8 7
1441651372 219 305 34 129 103 96 20 62 20 15 5 0 19 0 13 3 11 11 8 7
1441659071 219 305 35 129 103 96 20 62 20 15 5 0 19 0 13 3 11 11 8 7
1441684213 220 305 35 129 103 96 20 62 20 15 5 0 19 0 13 3 11 11 8 7
1441684621 221 305 35 129 103 96 20 62 20 15 5 0 19 0 13 3 11 11 8 7
1441728892 221 305 35 129 103 96 21 62 20 15 5 0 19 0 13 3 11 11 8 7
1441915511 221 305 36 129 103 96 21 62 20 15 5 0 19 0 13 3 11 11 8 7
1441916813 221 305 37 129 103 96 21 62 20 15 5 0 19 0 13 3 11 11 8 7
1441916860 221 305 38 129 103 96 21 62 20 15 5 0 19 0 13 3 11 11 8 7
1442037511 221 305 39 129 103 96 21 62 20 15 5 0 19 0 13 3 11 11 8 7
1442087073 221 305 40 129 103 96 21 62 20 15 5 0 19 0 13 3 11 11 8 7
1442152498 222 305 40 129 103 96 21 62 20 15 5 0 19 0 13 3 11 11 8 7
1442152536 223 305 40 129 103 96 21 62 20 15 5 0 19 0 13 3 11 11 8 7
1442198523 223 305 41 129 103 96 21 62 20 15 5 0 19 0 13 3 11 11 8 7
1442198954 223 305 42 129 103 96 21 62 20 15 5 0 19 0 13 3 11 11 8 7
1442198995 223 305 43 129 103 96 21 62 20 15 5 0 19 0 13 3 11 11 8 7
1442199089 223 305 44 129 103 96 21 62 20 15 5 0 19 0 13 3 11 11 8 7
1442199232 224 305 44 129 103 96 21 62 20 15 5 0 19 0 13 3 11 11 8 7
1442200436 224 305 45 129 103 96 21 62 20 15 5 0 19 0 13 3 11 11 8 7
1442200628 225 305 45 129 103 96 21 62 20 15 5 0 19 0 13 3 11 11 8 7
1442200991 225 305 46 129 103 96 21 62 20 15 5 0 19 0 13 3 11 11 8 7
1442201079 225 305 47 129 103 96 21 62 20 15 5 0 19 0 13 3 11 11 8 7
1442208256 226 305 47 129 103 96 21 62 20 15 5 0 19 0 13 3 11 11 8 7
1442233045 226 305 48 129 103 96 21 62 20 15 5 0 19 0 13 3 11 11 8 7
1442234091 226 305 49 129 103 96 21 62 20 15 5 0 19 0 13 3 11 11 8 7
1442236347 226 305 50 129 103 96 21 62 20 15 5 0 19 0 13 3 11 11 8 7
1442236434 227 305 50 129 103 96 21 62 20 15 5 0 19 0 13 3 11 11 8 7
1442236474 228 305 50 129 103 96 21 62 20 15 5 0 19 0 13 3 11 11 8 7
1442236476 228 305 51 129 103 96 21 62 20 15 5 0 19 0 13 3 11 11 8 7
1442236482 229 305 51 129 103 96 21 62 20 15 5 0 19 0 13 3 11 11 8 7
1442281331 229 305 52 129 103 96 21 62 20 15 5 0 19 0 13 3 11 11 8 7
1442305999 229 305 53 129 103 96 21 62 20 15 5 0 19 0 13 3 11 11 8 7
1442331384 229 305 54 129 103 96 21 62 20 15 5 0 19 0 13 3 11 11 8 7
1442415256 230 305 54 129 103 96 21 62 20 15 5 0 19 0 13 3 11 11 8 7
1442415272 231 305 54 129 103 96 21 62 20 15 5 0 19 0 13 3 11 11 8 7
1442419995 231 305 55 129 103 96 21 62 20 15 5 0 19 0 13 3 11 11 8 7
1442420292 231 305 56 129 103 96 21 62 20 15 5 0 19 0 13 3 11 11 8 7
1442421133 231 305 57 129 103 96 21 62 20 15 5 0 19 0 13 3 11 11 8 7
1442421412 231 305 58 129 103 96 21 62 20 15 5 0 19 0 13 3 11 11 8 7
1442421857 231 305 59 129 103 96 21 62 20 15 5 0 19 0 13 3 11 11 8 7
1442421940 231 305 60 129 103 96 21 62 20 15 5 0 19 0 13 3 11 11 8 7
1442422431 231 305 60 129 103 96 22 62 20 15 5 0 19 0 13 3 11 11 8 7
1442422635 232 305 60 129 103 96 22 62 20 15 5 0 19 0 13 3 11 11 8 7
1442422646 233 305 60 129 103 96 22 62 20 15 5 0 19 0 13 3 11 11 8 7
1442422956 233 305 61 129 103 96 22 62 20 15 5 0 19 0 13 3 11 11 8 7
1442423086 233 305 62 129 103 96 22 62 20 15 5 0 19 0 13 3 11 11 8 7
1442423131 234 305 62 129 103 96 22 62 20 15 5 0 19 0 13 3 11 11 8 7
1442431116 235 305 62 129 103 96 22 62 20 15 5 0 19 0 13 3 11 11 8 7
1442447205 236 305 62 129 103 96 22 62 20 15 5 0 19 0 13 3 11 11 8 7
1442447390 236 305 62 129 103 96 22 62 20 16 5 0 19 0 13 3 11 11 8 7
1442452079 237 305 62 129 103 96 22 62 20 16 5 0 19 0 13 3 11 11 8 7
1442455971 237 305 63 129 103 96 22 62 20 16 5 0 19 0 13 3 11 11 8 7
1442456068 237 305 64 129 103 96 22 62 20 16 5 0 19 0 13 3 11 11 8 7
1442456103 237 305 65 129 103 96 22 62 20 16 5 0 19 0 13 3 11 11 8 7
1442456119 237 305 66 129 103 96 22 62 20 16 5 0 19 0 13 3 11 11 8 7
1442456599 238 305 66 129 103 96 22 62 20 16 5 0 19 0 13 3 11 11 8 7
1442457941 238 305 67 129 103 96 22 62 20 16 5 0 19 0 13 3 11 11 8 7
1442458007 238 305 68 129 103 96 22 62 20 16 5 0 19 0 13 3 11 11 8 7
1442458118 239 305 68 129 103 96 22 62 20 16 5 0 19 0 13 3 11 11 8 7
1442458146 240 305 68 129 103 96 22 62 20 16 5 0 19 0 13 3 11 11 8 7
1442471682 241 305 68 129 103 96 22 62 20 16 5 0 19 0 13 3 11 11 8 7
1442471741 241 305 68 129 103 96 22 62 20 17 5 0 19 0 13 3 11 11 8 7
1442493657 241 305 68 129 103 96 23 62 20 17 5 0 19 0 13 3 11 11 8 7
1442493846 241 305 68 129 103 96 24 62 20 17 5 0 19 0 13 3 11 11 8 7
1442494046 241 305 68 129 103 96 25 62 20 17 5 0 19 0 13 3 11 11 8 7
1442504204 242 305 68 129 103 96 25 62 20 17 5 0 19 0 13 3 11 11 8 7
1442609588 242 305 68 129 103 96 26 62 20 17 5 0 19 0 13 3 11 11 8 7
1442631758 243 305 68 129 103 96 26 62 20 17 5 0 19 0 13 3 11 11 8 7
1442631780 244 305 68 129 103 96 26 62 20 17 5 0 19 0 13 3 11 11 8 7
1442632010 244 305 68 129 103 96 26 62 20 18 5 0 19 0 13 3 11 11 8 7
1442754638 244 305 69 129 103 96 26 62 20 18 5 0 19 0 13 3 11 11 8 7
1442754680 244 305 70 129 103 96 26 62 20 18 5 0 19 0 13 3 11 11 8 7
1442791168 244 305 71 129 103 96 26 62 20 18 5 0 19 0 13 3 11 11 8 7
1442791251 244 305 72 129 103 96 26 62 20 18 5 0 19 0 13 3 11 11 8 7
1442844096 244 305 72 129 103 96 26 62 21 18 5 0 19 0 13 3 11 11 8 7
1442849925 244 305 72 129 103 96 26 62 21 18 5 0 19 0 13 3 12 11 8 7
1442929422 244 305 73 129 103 96 26 62 21 18 5 0 19 0 13 3 12 11 8 7
1442929446 244 305 74 129 103 96 26 62 21 18 5 0 19 0 13 3 12 11 8 7
1442929491 244 305 75 129 103 96 26 62 21 18 5 0 19 0 13 3 12 11 8 7
1442929655 244 305 76 129 103 96 26 62 21 18 5 0 19 0 13 3 12 11 8 7
1442970915 244 305 77 129 103 96 26 62 21 18 5 0 19 0 13 3 12 11 8 7
1442971246 244 305 78 129 103 96 26 62 21 18 5 0 19 0 13 3 12 11 8 7
1442980087 245 305 78 129 103 96 26 62 21 18 5 0 19 0 13 3 12 11 8 7
1443043483 245 305 78 129 103 96 26 62 22 18 5 0 19 0 13 3 12 11 8 7
1443061188 245 305 78 129 103 96 26 62 23 18 5 0 19 0 13 3 12 11 8 7
1443061244 245 305 78 129 103 96 26 62 23 19 5 0 19 0 13 3 12 11 8 7
1443199573 246 305 78 129 103 96 26 62 23 19 5 0 19 0 13 3 12 11 8 7
1443199594 247 305 78 129 103 96 26 62 23 19 5 0 19 0 13 3 12 11 8 7
1443204049 247 305 78 129 103 96 27 62 23 19 5 0 19 0 13 3 12 11 8 7
1443204429 247 305 78 129 103 96 28 62 23 19 5 0 19 0 13 3 12 11 8 7
1443210334 247 305 79 129 103 96 28 62 23 19 5 0 19 0 13 3 12 11 8 7
1443210348 247 305 80 129 103 96 28 62 23 19 5 0 19 0 13 3 12 11 8 7
1443212688 248 305 80 129 103 96 28 62 23 19 5 0 19 0 13 3 12 11 8 7
1443227385 249 305 80 129 103 96 28 62 23 19 5 0 19 0 13 3 12 11 8 7
1443229118 249 305 80 129 103 96 28 62 23 19 6 0 19 0 13 3 12 11 8 7
1443237478 249 305 81 129 103 96 28 62 23 19 6 0 19 0 13 3 12 11 8 7
1443418011 249 305 82 129 103 96 28 62 23 19 6 0 19 0 13 3 12 11 8 7
1443418491 249 305 83 129 103 96 28 62 23 19 6 0 19 0 13 3 12 11 8 7
1443418618 249 305 84 129 103 96 28 62 23 19 6 0 19 0 13 3 12 11 8 7
1443418858 249 305 85 129 103 96 28 62 23 19 6 0 19 0 13 3 12 11 8 7
1443464117 250 305 85 129 103 96 28 62 23 19 6 0 19 0 13 3 12 11 8 7
1443485824 250 305 86 129 103 96 28 62 23 19 6 0 19 0 13 3 12 11 8 7
1443485844 250 305 87 129 103 96 28 62 23 19 6 0 19 0 13 3 12 11 8 7
1443487999 251 305 87 129 103 96 28 62 23 19 6 0 19 0 13 3 12 11 8 7
1443491086 251 305 88 129 103 96 28 62 23 19 6 0 19 0 13 3 12 11 8 7
1443491108 251 305 89 129 103 96 28 62 23 19 6 0 19 0 13 3 12 11 8 7
1443491230 252 305 89 129 103 96 28 62 23 19 6 0 19 0 13 3 12 11 8 7
1443506574 252 305 89 129 103 96 28 62 24 19 6 0 19 0 13 3 12 11 8 7
1443723562 252 305 89 129 103 96 28 62 24 19 6 0 19 0 13 4 12 11 8 7
1443724120 252 305 89 129 103 96 28 62 24 19 6 0 19 0 13 5 12 11 8 7
1443884796 252 305 89 129 103 96 28 62 24 19 6 1 19 0 13 5 12 11 8 7
1443885136 252 305 89 129 103 96 28 62 24 19 6 2 19 0 13 5 12 11 8 7
1443885341 252 305 89 129 103 96 28 62 24 19 6 3 19 0 13 5 12 11 8 7
1443885860 252 305 89 129 103 96 28 62 24 19 6 4 19 0 13 5 12 11 8 7
1443887186 252 305 89 129 103 96 28 62 24 20 6 4 19 0 13 5 12 11 8 7
1443887328 253 305 89 129 103 96 28 62 24 20 6 4 19 0 13 5 12 11 8 7
1443887342 254 305 89 129 103 96 28 62 24 20 6 4 19 0 13 5 12 11 8 7
1443992440 255 305 89 129 103 96 28 62 24 20 6 4 19 0 13 5 12 11 8 7
1443993464 255 305 90 129 103 96 28 62 24 20 6 4 19 0 13 5 12 11 8 7
1443997351 255 305 91 129 103 96 28 62 24 20 6 4 19 0 13 5 12 11 8 7
1443998763 255 305 92 129 103 96 28 62 24 20 6 4 19 0 13 5 12 11 8 7
1444001303 255 305 93 129 103 96 28 62 24 20 6 4 19 0 13 5 12 11 8 7
1444003335 256 305 93 129 103 96 28 62 24 20 6 4 19 0 13 5 12 11 8 7
1444003349 257 305 93 129 103 96 28 62 24 20 6 4 19 0 13 5 12 11 8 7
1444012839 257 305 93 129 103 96 28 62 25 20 6 4 19 0 13 5 12 11 8 7
1444012915 257 305 93 129 103 96 28 62 26 20 6 4 19 0 13 5 12 11 8 7
1444014909 258 305 93 129 103 96 28 62 26 20 6 4 19 0 13 5 12 11 8 7
1444015641 258 305 93 129 103 96 28 62 26 21 6 4 19 0 13 5 12 11 8 7
1444020596 258 305 93 129 103 96 28 62 27 21 6 4 19 0 13 5 12 11 8 7
1444020629 258 305 93 129 103 96 28 62 27 22 6 4 19 0 13 5 12 11 8 7
1444020649 258 305 93 129 103 96 28 62 27 23 6 4 19 0 13 5 12 11 8 7
1444059160 258 305 94 129 103 96 28 62 27 23 6 4 19 0 13 5 12 11 8 7
1444059197 258 305 95 129 103 96 28 62 27 23 6 4 19 0 13 5 12 11 8 7
1444091783 259 305 95 129 103 96 28 62 27 23 6 4 19 0 13 5 12 11 8 7
1444091798 260 305 95 129 103 96 28 62 27 23 6 4 19 0 13 5 12 11 8 7
1444091806 261 305 95 129 103 96 28 62 27 23 6 4 19 0 13 5 12 11 8 7
1444091835 262 305 95 129 103 96 28 62 27 23 6 4 19 0 13 5 12 11 8 7
1444093670 262 305 95 129 103 96 28 62 27 24 6 4 19 0 13 5 12 11 8 7
1444160444 262 305 96 129 103 96 28 62 27 24 6 4 19 0 13 5 12 11 8 7
1444160583 262 305 97 129 103 96 28 62 27 24 6 4 19 0 13 5 12 11 8 7
1444160618 262 305 98 129 103 96 28 62 27 24 6 4 19 0 13 5 12 11 8 7
1444162216 262 305 98 129 103 96 29 62 27 24 6 4 19 0 13 5 12 11 8 7
1444162426 262 305 99 129 103 96 29 62 27 24 6 4 19 0 13 5 12 11 8 7
1444247283 262 305 99 129 103 96 30 62 27 24 6 4 19 0 13 5 12 11 8 7
1444247382 262 305 99 129 103 96 31 62 27 24 6 4 19 0 13 5 12 11 8 7
1444262781 263 305 99 129 103 96 31 62 27 24 6 4 19 0 13 5 12 11 8 7
1444262821 264 305 99 129 103 96 31 62 27 24 6 4 19 0 13 5 12 11 8 7
1444263057 264 305 100 129 103 96 31 62 27 24 6 4 19 0 13 5 12 11 8 7
1444263468 264 305 101 129 103 96 31 62 27 24 6 4 19 0 13 5 12 11 8 7
1444312602 264 305 101 129 103 96 32 62 27 24 6 4 19 0 13 5 12 11 8 7
1444312652 264 305 101 129 103 96 33 62 27 24 6 4 19 0 13 5 12 11 8 7
1444337741 265 305 101 129 103 96 33 62 27 24 6 4 19 0 13 5 12 11 8 7
1444337839 266 305 101 129 103 96 33 62 27 24 6 4 19 0 13 5 12 11 8 7
1444344293 266 305 102 129 103 96 33 62 27 24 6 4 19 0 13 5 12 11 8 7
1444369037 267 305 102 129 103 96 33 62 27 24 6 4 19 0 13 5 12 11 8 7
1444369103 268 305 102 129 103 96 33 62 27 24 6 4 19 0 13 5 12 11 8 7
1444369640 268 305 102 129 103 96 33 62 27 25 6 5 19 0 13 5 12 11 8 7
1444527399 268 305 103 129 103 96 33 62 27 25 6 5 19 0 13 5 12 11 8 7
1444527647 268 305 104 129 103 96 33 62 27 25 6 5 19 0 13 5 12 11 8 7
1444528551 268 305 105 129 103 96 33 62 27 25 6 5 19 0 13 5 12 11 8 7
1444530661 268 305 106 129 103 96 33 62 27 25 6 5 19 0 13 5 12 11 8 7
1444659982 268 305 107 129 103 96 33 62 27 25 6 5 19 0 13 5 12 11 8 7
1444660016 268 305 108 129 103 96 33 62 27 25 6 5 19 0 13 5 12 11 8 7
1444660416 268 305 109 129 103 96 33 62 27 25 6 5 19 0 13 5 12 11 8 7
1444927590 268 305 110 129 103 96 33 62 27 25 6 5 19 0 13 5 12 11 8 7
1444927619 268 305 111 129 103 96 33 62 27 25 6 5 19 0 13 5 12 11 8 7
1444933648 268 305 111 129 103 96 34 62 27 25 6 5 19 0 13 5 12 11 8 7
1444934035 268 305 111 129 103 96 35 62 27 25 6 5 19 0 13 5 12 11 8 7
1444935904 268 305 112 129 103 96 35 62 27 25 6 5 19 0 13 5 12 11 8 7
1445283654 268 305 112 129 103 96 36 62 27 25 6 5 19 0 13 5 12 11 8 7
1445283748 268 305 112 129 103 96 37 62 27 25 6 5 19 0 13 5 12 11 8 7
1445390868 268 305 113 129 103 96 37 62 27 25 6 5 19 0 13 5 12 11 8 7
1445405234 268 305 114 129 103 96 37 62 27 25 6 5 19 0 13 5 12 11 8 7
1445443779 268 305 115 129 103 96 37 62 27 25 6 5 19 0 13 5 12 11 8 7
1445654654 268 305 115 129 103 96 37 62 27 25 6 6 19 0 13 5 12 11 8 7
1445757458 269 305 115 129 103 96 37 62 27 25 6 6 19 0 13 5 12 11 8 7
1445757610 270 305 115 129 103 96 37 62 27 25 6 6 19 0 13 5 12 11 8 7
1445831581 271 305 115 129 103 96 37 62 27 25 6 6 19 0 13 5 12 11 8 7
1446070834 272 305 115 129 103 96 37 62 27 25 6 6 19 0 13 5 12 11 8 7
1446311729 272 305 115 129 103 96 37 62 27 25 6 7 19 0 13 5 12 11 8 7
1446356820 272 305 115 129 103 96 37 62 27 25 6 7 19 0 13 5 12 11 8 7
1446368360 274 305 115 129 103 96 37 62 27 25 6 7 19 0 13 5 12 11 8 7
1446438201 275 305 115 129 103 96 37 62 27 25 6 7 19 0 13 5 12 11 8 7
1446472345 275 305 115 129 103 96 38 62 27 25 6 7 19 0 13 5 12 11 8 7
1446570662 275 305 116 129 103 96 38 62 27 25 6 7 19 0 13 5 12 11 8 7
1446571059 275 305 117 129 103 96 38 62 27 25 6 7 19 0 13 5 12 11 8 7
1446571167 275 305 118 129 103 96 38 62 27 25 6 7 19 0 13 5 12 11 8 7
1446572048 275 305 119 129 103 96 38 62 27 25 6 7 19 0 13 5 12 11 8 7
1446578094 275 305 120 129 103 96 38 62 27 25 6 7 19 0 13 5 12 11 8 7
1446578103 275 305 121 129 103 96 38 62 27 25 6 7 19 0 13 5 12 11 8 7
1446578780 275 305 122 129 103 96 38 62 27 25 6 7 19 0 13 5 12 11 8 7
1446578785 275 305 123 129 103 96 38 62 27 25 6 7 19 0 13 5 12 11 8 7
1446602719 275 305 124 129 103 96 38 62 27 25 6 7 19 0 13 5 12 11 8 7
1446602726 275 305 125 129 103 96 38 62 27 25 6 7 19 0 13 5 12 11 8 7
1446668550 275 305 126 129 103 96 38 62 27 25 6 7 19 0 13 5 12 11 8 7
1446669145 275 305 127 129 103 96 38 62 27 25 6 7 19 0 13 5 12 11 8 7
1446701040 275 305 128 129 103 96 38 62 27 25 6 7 19 0 13 5 12 11 8 7
1446702786 275 305 129 129 103 96 38 62 27 25 6 7 19 0 13 5 12 11 8 7
1446702921 275 305 130 129 103 96 38 62 27 25 6 7 19 0 13 5 12 11 8 7
1446769955 275 305 131 129 103 96 38 62 27 25 6 7 19 0 13 5 12 11 8 7
1446837038 275 305 132 129 103 96 38 62 27 25 6 7 19 0 13 5 12 11 8 7
1446838081 275 305 133 129 103 96 38 62 27 25 6 7 19 0 13 5 12 11 8 7
1446838147 275 305 134 129 103 96 38 62 27 25 6 7 19 0 13 5 12 11 8 7
1446840972 275 305 135 129 103 96 38 62 27 25 6 7 19 0 13 5 12 11 8 7
1446841151 275 305 136 129 103 96 38 62 27 25 6 7 19 0 13 5 12 11 8 7
1446841387 275 305 137 129 103 96 38 62 27 25 6 7 19 0 13 5 12 11 8 7
1446852996 275 305 138 129 103 96 38 62 27 25 6 7 19 0 13 5 12 11 8 7
1447050887 275 305 139 129 103 96 38 62 27 25 6 7 19 0 13 5 12 11 8 7
1447083592 275 305 140 129 103 96 38 62 27 25 6 7 19 0 13 5 12 11 8 7
1447084888 275 305 141 129 103 96 38 62 27 25 6 7 19 0 13 5 12 11 8 7
1447185990 275 305 142 129 103 96 38 62 27 25 6 7 19 0 13 5 12 11 8 7
1447186005 275 305 143 129 103 96 38 62 27 25 6 7 19 0 13 5 12 11 8 7
1447186259 275 305 144 129 103 96 38 62 27 25 6 7 19 0 13 5 12 11 8 7
1447263578 275 305 145 129 103 96 38 62 27 25 6 7 19 0 13 5 12 11 8 7
1447263685 275 305 146 129 103 96 38 62 27 25 6 7 19 0 13 5 12 11 8 7
1447307950 275 305 146 129 103 96 38 62 27 25 6 7 19 0 13 5 12 11 8 7
1447308032 275 305 146 129 103 96 38 62 27 25 6 7 19 0 13 5 12 11 8 7
1447315318 275 305 146 129 103 96 38 62 27 25 6 7 19 0 13 5 12 11 8 7
1447318988 275 305 146 129 103 96 38 62 27 25 6 7 19 0 13 5 12 11 8 7
1447343080 275 305 147 129 103 96 38 62 27 25 6 7 19 0 13 5 12 11 8 7
1447343441 275 305 148 129 103 96 38 62 27 25 6 7 19 0 13 5 12 11 8 7
1447374051 275 305 148 129 103 96 38 62 27 25 6 7 19 0 13 5 12 11 8 7
1447439507 275 305 148 129 103 96 39 62 27 25 6 7 19 0 13 5 12 11 8 7
1447441269 275 305 148 129 103 96 40 62 27 25 6 7 19 0 13 5 12 11 8 7
1447441931 275 305 149 129 103 96 41 62 27 25 6 7 19 0 13 5 12 11 8 7
1447724622 275 305 150 129 103 96 41 62 27 25 6 7 19 0 13 5 12 11 8 7
1447775666 275 305 151 129 103 96 41 62 27 25 6 7 19 0 13 5 12 11 8 7
1447783027 275 305 152 129 103 96 41 62 27 25 6 7 19 0 13 5 12 11 8 7
1447793184 275 305 152 129 103 96 41 62 27 25 6 8 19 0 13 5 12 11 8 7
1447793231 275 305 152 129 103 96 41 62 27 25 6 9 19 0 13 5 12 11 8 7
1447793515 275 305 152 129 103 96 41 62 27 25 6 10 19 0 13 5 12 11 8 7
1447793958 275 305 152 129 103 96 41 62 27 25 6 11 19 0 13 5 12 11 8 7
1447794051 275 305 152 129 103 96 41 62 27 25 6 12 19 0 13 5 12 11 8 7
1447794204 275 305 152 129 103 96 41 62 27 25 6 13 19 0 13 5 12 11 8 7
1447795105 275 305 153 129 103 96 41 62 27 25 6 13 19 0 13 5 12 11 8 7
1447795154 275 305 154 129 103 96 41 62 27 25 6 13 19 0 13 5 12 11 8 7
1447795905 275 305 154 129 103 96 41 62 27 25 6 14 19 0 13 5 12 11 8 7
1447796017 275 305 155 129 103 96 41 62 27 25 6 14 19 0 13 5 12 11 8 7
1447796056 275 305 155 129 103 96 41 62 27 25 6 15 19 0 13 5 12 11 8 7
1447796291 275 305 155 129 103 96 41 62 27 25 6 16 19 0 13 5 12 11 8 7
1447816736 275 305 156 129 103 96 41 62 27 25 6 16 19 0 13 5 12 11 8 7
1447817673 275 305 157 129 103 96 41 62 27 25 6 16 19 0 13 5 12 11 8 7
1447820047 275 305 158 129 103 96 41 62 27 25 6 16 19 0 13 5 12 11 8 7
1447867528 275 305 159 129 103 96 41 62 27 25 6 16 19 0 13 5 12 11 8 7
1447867892 275 305 160 129 103 96 41 62 27 25 6 16 19 0 13 5 12 11 8 7
1447868090 275 305 161 129 103 96 41 62 27 25 6 16 19 0 13 5 12 11 8 7
1447868107 275 305 162 129 103 96 41 62 27 25 6 16 19 0 13 5 12 11 8 7
1447971506 275 305 163 129 103 96 41 62 27 25 6 16 19 0 13 5 12 11 8 7
1447971697 275 305 164 129 103 96 41 62 27 25 6 16 19 0 13 5 12 11 8 7
1448049640 275 305 164 129 103 96 41 62 27 25 6 17 19 0 13 5 12 11 8 7
1448290172 275 305 164 129 103 96 42 62 27 25 6 17 19 0 13 5 12 11 8 7
1448292577 275 305 164 129 103 96 43 62 27 25 6 17 19 0 13 5 12 11 8 7
1448294068 275 305 164 129 103 96 44 62 27 25 6 17 19 0 13 5 12 11 8 7
1448294375 275 305 164 129 103 96 45 62 27 25 6 17 19 0 13 5 12 11 8 7
1448298649 275 305 164 129 103 96 46 62 27 25 6 17 19 0 13 5 12 11 8 7
1448308566 275 305 164 129 103 96 47 62 27 25 6 17 19 0 13 5 12 11 8 7
1448308663 275 305 164 129 103 96 48 62 27 25 6 17 19 0 13 5 12 11 8 7
1448308884 275 305 164 129 103 96 49 62 27 25 6 17 19 0 13 5 12 11 8 7
1448601113 275 305 165 129 103 96 49 62 27 25 6 17 19 0 13 5 12 11 8 7
1448662847 275 305 166 129 103 96 49 62 27 25 6 17 19 0 13 5 12 11 8 7
1448892808 275 305 166 129 103 96 49 62 28 25 6 17 19 0 13 5 12 11 8 7
1448908655 275 305 166 129 103 96 49 62 28 25 6 18 19 0 13 5 12 11 8 7
1448914297 275 305 166 129 103 96 49 62 29 25 6 18 19 0 13 5 12 11 8 7
1448914329 275 305 166 129 103 96 49 62 30 25 6 18 19 0 13 5 12 11 8 7
1448999450 275 305 166 129 103 96 49 62 30 25 6 19 19 0 13 5 12 11 8 7
1449001174 275 305 166 129 103 96 49 62 30 25 6 20 19 0 13 5 12 11 8 7
1449174903 275 305 166 129 103 96 50 62 30 25 6 20 19 0 13 5 12 11 8 7
1449175798 275 305 166 129 103 96 51 62 30 25 6 20 19 0 13 5 12 11 8 7
1449177730 275 305 166 129 103 96 52 62 30 25 6 20 19 0 13 5 12 11 8 7
1449178194 275 305 166 129 103 96 53 62 30 25 6 20 19 0 13 5 12 11 8 7
1449280837 275 305 166 129 103 96 53 62 30 25 6 20 19 0 13 6 12 11 8 7
1449497008 275 305 166 129 103 96 54 62 30 25 6 20 19 0 13 6 12 11 8 7
1449497151 275 305 166 129 103 96 55 62 30 25 6 20 19 0 13 6 12 11 8 7
1449497662 275 305 166 129 103 96 56 62 30 25 6 20 19 0 13 6 12 11 8 7
1449513341 275 305 166 129 103 96 57 62 30 25 6 20 19 0 13 6 12 11 8 7
1449514023 275 305 166 129 103 96 58 62 30 25 6 20 19 0 13 6 12 11 8 7
1449515428 275 305 166 129 103 96 59 62 30 25 6 20 19 0 13 6 12 11 8 7
1449516150 275 305 166 129 103 96 60 62 30 25 6 20 19 0 13 6 12 11 8 7
1449521017 275 305 166 129 103 96 61 62 30 25 6 20 19 0 13 6 12 11 8 7
1449609145 275 305 166 129 103 96 62 62 30 25 6 20 19 0 13 6 12 11 8 7
1449680391 275 305 166 129 103 96 63 62 30 25 6 20 19 0 13 6 12 11 8 7
1449700493 275 305 166 129 103 96 63 62 30 25 7 20 19 0 13 6 12 11 8 7
1449792902 275 305 166 129 103 96 63 62 30 25 7 20 19 1 13 6 12 11 8 7
1449858820 275 305 166 129 103 96 63 62 30 25 7 21 19 1 13 6 12 11 8 7
1450369044 275 305 166 129 103 96 64 62 30 25 7 21 19 1 13 6 12 11 8 7
1450372852 275 305 166 129 103 96 65 62 30 25 7 21 19 1 13 6 12 11 8 7
1450817465 275 305 167 129 103 96 65 62 30 25 7 21 19 1 13 6 12 11 8 7
1450817660 276 305 167 129 103 96 65 62 30 25 7 21 19 1 13 6 12 11 8 7
1450817663 277 305 167 129 103 96 65 62 30 25 7 21 19 1 13 6 12 11 8 7
1450847307 277 305 167 129 103 96 65 62 30 25 7 21 19 2 13 6 12 11 8 7
1450886243 277 305 167 129 103 96 65 62 31 25 7 21 19 2 13 6 12 11 8 7
1450911827 277 305 167 129 103 96 65 62 31 25 8 21 19 2 13 6 12 11 8 7
1450911911 277 305 167 129 103 96 65 62 31 25 8 21 19 3 13 6 12 11 8 7
1450911978 277 305 167 129 103 96 65 62 31 25 8 21 19 4 13 6 12 11 8 7
1450973619 277 305 167 129 103 96 65 62 32 25 8 21 19 4 13 6 12 11 8 7
1452184191 277 305 167 129 103 96 65 62 32 26 8 21 19 4 13 6 12 11 8 7
1452726656 277 305 167 129 103 96 65 62 32 26 9 21 19 4 13 6 12 11 8 7
1452781786 277 305 167 129 103 96 65 62 32 26 9 21 19 5 13 6 12 11 8 7
1452904111 278 305 167 129 103 96 65 62 32 26 9 21 19 5 13 6 12 11 8 7
1452904171 279 305 167 129 103 96 65 62 32 26 9 21 19 5 13 6 12 11 8 7
1452904405 280 305 167 129 103 96 65 62 32 26 9 21 19 5 13 6 12 11 8 7
1453238282 281 305 167 129 103 96 65 62 32 26 9 21 19 5 13 6 12 11 8 7
1453338192 281 305 167 129 103 96 65 62 32 26 9 21 19 6 13 6 12 11 8 7
1453338462 281 305 167 129 103 96 65 62 32 26 9 21 19 7 13 6 12 11 8 7
1453519415 281 305 167 129 103 96 65 62 32 26 9 21 19 8 13 6 12 11 8 7
1453749216 281 305 167 129 103 96 65 62 32 26 10 21 19 8 13 6 12 11 8 7
1453750815 281 305 167 129 103 96 65 62 32 26 11 21 19 8 13 6 12 11 8 7
1453751828 281 305 167 129 103 96 65 62 32 26 12 21 19 8 13 6 12 11 8 7
1453789884 281 305 167 129 103 96 65 62 32 26 12 21 19 9 13 6 12 11 8 7
1453792508 281 305 167 129 103 96 65 62 32 26 12 21 19 10 13 6 12 11 8 7
1453922615 281 305 167 129 103 96 65 62 32 26 13 21 19 10 13 6 12 11 8 7
1454024734 281 305 168 129 103 96 65 62 32 26 13 21 19 10 13 6 12 11 8 7
1454024812 281 305 169 129 103 96 65 62 32 26 13 21 19 10 13 6 12 11 8 7
1454126711 281 305 170 129 103 96 65 62 32 26 13 21 19 10 13 6 12 11 8 7
1454126749 281 305 173 129 103 96 65 62 32 26 13 21 19 10 13 6 12 11 8 7
1454214608 282 305 173 129 103 96 65 62 32 26 13 21 19 10 13 6 12 11 8 7
1454215435 283 305 173 129 103 96 65 62 32 26 13 21 19 10 13 6 12 11 8 7
1454353299 283 305 173 129 103 96 65 62 32 26 14 21 19 10 13 6 12 11 8 7
1454355074 283 305 173 129 103 96 65 62 32 26 14 21 19 11 13 6 12 11 8 7
1454531746 283 305 173 129 103 96 65 62 32 26 15 21 19 11 13 6 12 11 8 7
1454885603 284 305 173 129 103 96 65 62 32 26 15 21 19 11 13 6 12 11 8 7
1454965513 285 305 173 129 103 96 65 62 32 26 15 21 19 11 13 6 12 11 8 7
1454976871 285 305 174 129 103 96 65 62 32 26 15 21 19 11 13 6 12 11 8 7
1454976951 285 305 175 129 103 96 65 62 32 26 15 21 19 11 13 6 12 11 8 7
1454977196 286 305 175 129 103 96 65 62 32 26 15 21 19 11 13 6 12 11 8 7
1454981112 287 305 175 129 103 96 65 62 32 26 15 21 19 11 13 6 12 11 8 7
1455043983 287 305 176 129 103 96 65 62 32 26 15 21 19 11 13 6 12 11 8 7
1455044293 287 305 177 129 103 96 65 62 32 26 15 21 19 11 13 6 12 11 8 7
1455045619 287 305 178 129 103 96 65 62 32 26 15 21 19 11 13 6 12 11 8 7
1455050731 287 305 179 129 103 96 65 62 32 26 15 21 19 11 13 6 12 11 8 7
1455054335 287 305 180 129 103 96 65 62 32 26 15 21 19 11 13 6 12 11 8 7
1455054380 287 305 181 129 103 96 65 62 32 26 15 21 19 11 13 6 12 11 8 7
1455054429 287 305 182 129 103 96 65 62 32 26 15 21 19 11 13 6 12 11 8 7
1455054443 287 305 183 129 103 96 65 62 32 26 15 21 19 11 13 6 12 11 8 7
1455062007 288 305 183 129 103 96 65 62 32 26 15 21 19 11 13 6 12 11 8 7
1455064085 288 305 184 129 103 96 65 62 32 26 15 21 19 11 13 6 12 11 8 7
1455068009 288 305 185 129 103 96 65 62 32 26 15 21 19 11 13 6 12 11 8 7
1455072123 288 305 186 129 103 96 65 62 32 26 15 21 19 11 13 6 12 11 8 7
1455072881 289 305 186 129 103 96 65 62 32 26 15 21 19 11 13 6 12 11 8 7
1455117235 289 305 186 129 103 96 65 62 33 26 15 21 19 11 13 6 12 11 8 7
1455117398 289 305 186 129 103 96 65 62 34 26 15 21 19 11 13 6 12 11 8 7
1455117454 289 305 186 129 103 96 65 62 34 27 15 21 19 11 13 6 12 11 8 7
1455122598 290 305 186 129 103 96 65 62 34 27 15 21 19 11 13 6 12 11 8 7
1455144366 291 305 187 129 103 96 65 62 34 27 15 21 19 11 13 6 12 11 8 7
1455161813 292 305 187 129 103 96 65 62 34 27 15 21 19 11 13 6 12 11 8 7
1455217812 292 305 188 129 103 96 65 62 34 27 15 21 19 11 13 6 12 11 8 7
1455219171 292 305 190 129 103 96 65 62 34 27 15 21 19 11 13 6 12 11 8 7
1455223195 292 305 191 129 103 96 65 62 34 27 15 21 19 11 13 6 12 11 8 7
1455231159 292 305 192 129 103 96 65 62 34 27 15 21 19 11 13 6 12 11 8 7
1455294565 292 305 193 129 103 96 65 62 34 27 15 21 19 11 13 6 12 11 8 7
1455296241 292 305 194 129 103 96 65 62 34 27 15 21 19 11 13 6 12 11 8 7
1455296267 292 305 194 129 103 96 65 62 34 28 15 21 19 11 13 6 12 11 8 7
1455296453 293 305 194 129 103 96 65 62 34 28 15 21 19 11 13 6 12 11 8 7
1455296724 293 305 195 129 103 96 65 62 34 28 15 21 19 11 13 6 12 11 8 7
1455296766 293 305 196 129 103 96 65 62 34 28 15 21 19 11 13 6 12 11 8 7
1455296821 293 305 197 129 103 96 65 62 34 28 15 21 19 11 13 6 12 11 8 7
1455296954 294 305 197 129 103 96 65 62 34 28 15 21 19 11 13 6 12 11 8 7
1455335213 295 305 197 129 103 96 65 62 34 28 15 21 19 11 13 6 12 11 8 7
1455413898 295 305 197 129 103 96 65 62 35 28 15 21 19 11 13 6 12 11 8 7
1455511675 295 305 197 129 103 96 65 62 35 28 15 21 19 11 13 7 12 11 8 7
1455511832 295 305 197 129 103 96 65 62 35 28 15 21 19 11 13 8 12 11 8 7
1455552859 295 305 197 129 103 96 65 62 35 28 15 21 19 11 13 12 12 11 8 7
1455579254 295 305 198 129 103 96 65 62 35 28 15 21 19 11 13 12 12 11 8 7
1455579273 295 305 199 129 103 96 65 62 35 28 15 21 19 11 13 12 12 11 8 7
1455587600 296 305 199 129 103 96 65 62 35 28 15 21 19 11 13 12 12 11 8 7
1455657005 296 305 199 129 103 96 65 62 35 28 15 22 19 11 13 12 12 11 8 7
1455657244 296 305 199 129 103 96 65 62 35 28 15 23 19 11 13 12 12 11 8 7
1455657692 297 305 199 129 103 96 65 62 35 28 15 23 19 11 13 12 12 11 8 7
1455806212 297 305 200 129 103 96 65 62 35 28 15 23 19 11 13 12 12 11 8 7
1455806235 297 305 201 129 103 96 65 62 35 28 15 23 19 11 13 12 12 11 8 7
1455806333 297 305 202 129 103 96 65 62 35 28 15 23 19 11 13 12 12 11 8 7
1455806368 297 305 203 129 103 96 65 62 35 28 15 23 19 11 13 12 12 11 8 7
1455826584 298 305 203 129 103 96 65 62 35 28 15 23 19 11 13 12 12 11 8 7
1455826636 299 305 203 129 103 96 65 62 35 28 15 23 19 11 13 12 12 11 8 7
1455851186 300 305 203 129 103 96 65 62 35 28 15 23 19 11 13 12 12 11 8 7
1455851346 301 305 203 129 103 96 65 62 35 28 15 23 19 11 13 12 12 11 8 7
1455851442 302 305 203 129 103 96 65 62 35 28 15 23 19 11 13 12 12 11 8 7
1455907765 302 305 203 129 103 96 66 62 35 28 15 23 19 11 13 12 12 11 8 7
1455907839 302 305 203 129 103 96 67 62 35 28 15 23 19 11 13 12 12 11 8 7
1456141653 302 305 204 129 103 96 67 62 35 28 15 23 19 11 13 12 12 11 8 7
1456141803 302 305 205 129 103 96 67 62 35 28 15 23 19 11 13 12 12 11 8 7
1456142547 302 305 206 129 103 96 67 62 35 28 15 23 19 11 13 12 12 11 8 7
1456156005 303 305 206 129 103 96 67 62 35 28 15 23 19 11 13 12 12 11 8 7
1456156009 304 305 206 129 103 96 67 62 35 28 15 23 19 11 13 12 12 11 8 7
1456156909 305 305 206 129 103 96 67 62 35 28 15 23 19 11 13 12 12 11 8 7
1456156923 306 305 206 129 103 96 67 62 35 28 15 23 19 11 13 12 12 11 8 7
1456178454 307 305 206 129 103 96 67 62 35 28 15 23 19 11 13 12 12 11 8 7
1456239292 307 305 207 129 103 96 67 62 35 28 15 23 19 11 13 12 12 11 8 7
1456285431 308 305 207 129 103 96 67 62 35 28 15 23 19 11 13 12 12 11 8 7
1456286996 309 305 207 129 103 96 67 62 35 28 15 23 19 11 13 12 12 11 8 7
1456287159 310 305 207 129 103 96 67 62 35 28 15 23 19 11 13 12 12 11 8 7
1456287210 311 305 207 129 103 96 67 62 35 28 15 23 19 11 13 12 12 11 8 7
1456423256 311 305 208 129 103 96 67 62 35 28 15 23 19 11 13 12 12 11 8 7
1456423297 311 305 209 129 103 96 67 62 35 28 15 23 19 11 13 12 12 11 8 7
1456423315 311 305 210 129 103 96 67 62 35 28 15 23 19 11 13 12 12 11 8 7
1456427840 311 305 211 129 103 96 67 62 35 28 15 23 19 11 13 12 12 11 8 7
1456433408 311 305 212 129 103 96 67 62 35 28 15 23 19 11 13 12 12 11 8 7
1456433428 311 305 213 129 103 96 67 62 35 28 15 23 19 11 13 12 12 11 8 7
1456433442 311 305 214 129 103 96 67 62 35 28 15 23 19 11 13 12 12 11 8 7
1456433488 311 305 215 129 103 96 67 62 35 28 15 23 19 11 13 12 12 11 8 7
1456586303 312 305 215 129 103 96 67 62 35 28 15 23 19 11 13 12 12 11 8 7
1456588211 312 305 216 129 103 96 67 62 35 28 15 23 19 11 13 12 12 11 8 7
1456606988 313 305 216 129 103 96 67 62 35 28 15 23 19 11 13 12 12 11 8 7
1456607017 314 305 216 129 103 96 67 62 35 28 15 23 19 11 13 12 12 11 8 7
1456724739 315 305 216 129 103 96 67 62 35 28 15 23 19 11 13 12 12 11 8 7
1456725138 316 305 216 129 103 96 67 62 35 28 15 23 19 11 13 12 12 11 8 7
1456895252 316 305 217 129 103 96 67 62 35 28 15 23 19 11 13 12 12 11 8 7
1456895329 316 305 218 129 103 96 67 62 35 28 15 23 19 11 13 12 12 11 8 7
1456940384 316 305 218 129 103 96 67 62 35 28 15 23 19 11 13 12 12 11 8 7
1456954960 316 305 218 129 103 96 68 62 35 28 15 23 19 11 13 12 12 11 8 7
1456955556 316 305 218 129 103 96 69 62 35 28 15 23 19 11 13 12 12 11 8 7
1457015972 316 305 218 129 103 96 70 62 35 28 15 23 19 11 13 12 12 11 8 7
1457102720 316 305 218 129 103 96 70 62 35 28 15 23 19 12 13 12 12 11 8 7
1457103169 316 305 218 129 103 96 70 62 35 28 15 23 19 13 13 12 12 11 8 7
1457125514 316 305 218 129 103 96 70 62 35 28 15 23 19 13 13 12 12 11 8 7
1457126964 316 305 218 129 103 96 70 62 35 28 16 23 19 13 13 12 12 11 8 7
1457127910 316 305 218 129 103 96 70 62 35 28 17 23 19 13 13 12 12 11 8 7
1457128028 316 305 218 129 103 96 70 62 35 28 18 23 19 13 13 12 12 11 8 7
1457128267 316 305 218 129 103 96 70 62 35 28 19 23 19 13 13 12 12 11 8 7
1457132196 316 305 218 129 103 96 70 62 35 28 20 23 19 13 13 12 12 11 8 7
1457135103 316 305 218 129 103 96 70 62 35 28 21 23 19 13 13 12 12 11 8 7
1457175499 316 305 218 129 103 96 70 62 35 28 21 23 19 13 13 12 12 11 8 7
1457306189 316 305 219 129 103 96 70 62 35 28 21 23 19 13 13 12 12 11 8 7
1457326239 316 305 220 129 103 96 70 62 35 28 21 23 19 13 13 12 12 11 8 7
1457331432 316 305 221 129 103 96 70 62 35 28 21 23 19 13 13 12 12 11 8 7
1457333245 316 305 222 129 103 96 70 62 35 28 21 23 19 13 13 12 12 11 8 7
1457334182 316 305 223 129 103 96 70 62 35 28 21 23 19 13 13 12 12 11 8 7
1457379367 316 305 224 129 103 96 70 62 35 28 21 23 19 13 13 12 12 11 8 7
1457379493 316 305 225 129 103 96 70 62 35 28 21 23 19 13 13 12 12 11 8 7
1457379515 316 305 226 129 103 96 70 62 35 28 21 23 19 13 13 12 12 11 8 7
1457379589 316 305 227 129 103 96 70 62 35 28 21 23 19 13 13 12 12 11 8 7
1457379650 316 305 228 129 103 96 70 62 35 28 21 23 19 13 13 12 12 11 8 7
1457381147 316 305 229 129 103 96 70 62 35 28 21 23 19 13 13 12 12 11 8 7
1457381468 316 305 230 129 103 96 70 62 35 28 21 23 19 13 13 12 12 11 8 7
1457381503 316 305 231 129 103 96 70 62 35 28 21 23 19 13 13 12 12 11 8 7
1457381593 316 305 231 129 103 96 70 62 35 28 22 23 19 13 13 12 12 11 8 7
1457382317 316 305 232 129 103 96 70 62 35 28 22 23 19 13 13 12 12 11 8 7
1457383107 316 305 232 129 103 96 70 62 35 28 23 23 19 13 13 12 12 11 8 7
1457383143 316 305 232 129 103 96 70 62 35 28 24 23 19 13 13 12 12 11 8 7
1457383149 316 305 233 129 103 96 70 62 35 28 24 23 19 13 13 12 12 11 8 7
1457383541 316 305 234 129 103 96 70 62 35 28 24 23 19 13 13 12 12 11 8 7
1457384674 316 305 235 129 103 96 70 62 35 28 24 23 19 13 13 12 12 11 8 7
1457385010 316 305 236 129 103 96 70 62 35 28 24 23 19 13 13 12 12 11 8 7
1457386410 316 305 237 129 103 96 70 62 35 28 24 23 19 13 13 12 12 11 8 7
1457387042 316 305 238 129 103 96 70 62 35 28 24 23 19 13 13 12 12 11 8 7
1457413662 316 305 239 129 103 96 70 62 35 28 24 23 19 13 13 12 12 11 8 7
1457413786 316 305 240 129 103 96 70 62 35 28 24 23 19 13 13 12 12 11 8 7
1457414158 316 305 241 129 103 96 70 62 35 28 24 23 19 13 13 12 12 11 8 7
1457414184 316 305 242 129 103 96 70 62 35 28 24 23 19 13 13 12 12 11 8 7
1457414234 316 305 243 129 103 96 70 62 35 28 24 23 19 13 13 12 12 11 8 7
1457414259 316 305 244 129 103 96 70 62 35 28 24 23 19 13 13 12 12 11 8 7
1457484185 317 305 244 129 103 96 70 62 35 28 24 23 19 13 13 12 12 11 8 7
1457677426 317 305 245 129 103 96 70 62 35 28 24 23 19 13 13 12 12 11 8 7
