1391221713 0
1391222637 15
1391222736 35
1391972410 47
1392268666 194
1392676880 5713
1392676974 6216
1392686025 6230
1392686324 6276
1392689529 12441
1392689583 6229
1392776291 6234
1393057911 6820
1393059656 6898
1393062369 6643
1393065569 6647
1393065605 6647
1393179858 6237
1393179959 6801
1393186004 6547
1393186041 6643
1393282694 1359
1393282703 1485
1393282898 1485
1393283083 1541
1393283361 1542
1393283476 1484
1393299945 1489
1393359430 1521
1393789509 1562
1393789649 1567
1393828660 1587
1395518377 1606
1395518772 2772
1395540504 2663
1395547406 3076
1395554242 3027
1395555370 3027
1395558069 3124
1395963149 3119
1395986960 3179
1395986970 3315
1396145217 3255
1397782557 12452
1397783079 12451
1397964051 12516
1397964161 12518
1398563215 12702
1398650002 12945
1398823312 12974
1398929253 12992
1399147932 13115
1399147974 13306
1399150029 13378
1399150527 13457
1399150881 13768
1399175426 26069
1399175632 26338
1399179822 26335
1399182156 26369
1399186589 26873
1399218909 26883
1399218934 26917
1399221529 26924
1399221552 26936
1399221616 26935
1399221814 26943
1399226923 26943
1399428765 26264
1399429507 18695
1399429609 19880
1399430126 19880
1399432210 20331
1399456626 20060
1399458147 19185
1399458173 19200
1399458332 19200
1399612604 19126
1399612717 19353
1399613856 19352
1399614081 19352
1399617235 19437
1399618090 19437
1399618258 19375
1399618286 19387
1399621611 19392
1399622293 19392
1399651640 21012
1399651681 21020
1399655011 21020
1399655031 20869
1399655295 20869
1399655299 20865
1399660835 20992
1399660843 19771
1399662088 19771
1399663375 18783
1399698980 3078
1403988801 17289
1403989345 17706
1406091589 17817
1406343676 17823
1407007621 18209
1407026806 18208
1407027271 18213
1407029410 18228
1408506902 18228
1408507975 18228
1408508380 18426
1408508858 18426
1408511742 18444
1408511747 18446
1408513976 18447
1408514846 18431
1408587800 18651
1408587859 18655
1408591249 18655
1408649845 18733
1408649855 18734
1408682706 18675
1408682717 18675
1408685128 18701
1408686933 18681
1408749293 18745
1408749344 18723
1408824836 18699
1408825085 18734
1408834595 18720
1408836057 18736
1408838977 18738
1408846424 18741
1408846722 18743
1408908656 18744
1408908659 18759
1408921207 18775
1408967090 18775
1408967752 18777
1408968750 18781
1408993901 18781
1409017347 18800
1409017350 18793
1409020773 18799
1409241411 18799
1409241414 18791
1409513522 18840
1409517832 18837
1409560584 18926
1409571532 18932
1409574313 18924
1409574909 18919
1409576333 18917
1409576932 18917
1409577472 18911
1409657649 18924
1409659454 18924
1409683999 18916
1409699813 18912
1409699940 18912
1409807895 18984
1410041247 18978
1410070397 19008
1410092306 19022
1410092504 19023
1410106786 20496
1410108845 21241
1410109031 18543
1410110117 22274
1410110377 22306
1410110447 22306
1410112283 22393
1410210067 18545
1410595534 18549
1410618660 18559
1410619391 18559
1410621215 18599
1410628961 18479
1410630348 18483
1410630709 18491
1410637635 18491
1410642099 18491
1410728426 18525
1410729670 18525
1410730016 18529
1410754505 18530
1410762891 18528
1410834824 18533
1411862120 19401
1411863005 19341
1411863956 19341
1412634464 19342
1412635070 19273
1412647457 19273
1412648035 19285
1412650793 19288
1412706010 19290
1412708309 19290
1412711253 19442
1412712074 19442
1412723533 19425
1412723673 19425
1412727058 19433
1413751410 19433
1413751616 19437
1413752120 19439
1413752612 19439
1413753263 19440
1413753992 19443
1413754786 19443
1413755679 19444
1413862809 19320
1413868867 19334
1413872283 19340
1414002824 19343
1414003419 19342
1415217372 19348
1415339244 19352
1416902186 19615
1417214402 19617
1417235680 19758
1420839463 21391
1420843959 21372
1420865649 21129
1421081569 21212
1421083806 21654
1421084018 21374
1421170015 21683
1421186530 21744
1421254437 21838
1421254565 21684
1421254738 21630
1421259982 21639
1421265510 21654
1421271743 21658
1421788371 21668
1421788406 21675
1421788439 22313
1421975253 22128
1422002020 22121
1422028087 22131
1422214754 22129
1422221606 22130
1422327892 22138
1422676794 22138
1422676842 22138
1422676899 22179
1422824221 22186
1422825901 22189
1422830845 22213
1423465601 22276
1423591346 22284
1424996857 22297
1425014995 22314
1425015308 22315
1437055125 22390
1437059434 22390
1437060608 22480
1437078630 22581
1437147242 22621
1438009862 22773
1438011087 22773
1438286568 22773
1438288277 22773
1438891321 22762
1438894409 22762
1438928828 23805
1438974876 23985
1439319252 24313
1439319390 24180
1439395728 24238
1439399537 24267
1439413149 24290
1439414077 24290
1439442250 24303
1439925309 24355
1439937622 24602
1439989570 24691
1440010212 24711
1440049810 24828
1440139062 24802
1440139067 24805
1440139195 24805
1440170169 24806
1440187689 24846
1440189730 24857
1440229756 24645
1440233012 24646
1440253412 24643
1440254865 24643
1440287704 24640
1440287724 24697
1440476802 24730
1440476996 24731
1440515068 75098
1440527976 75138
1440536625 75149
1440549815 75149
1440565510 75138
1440565799 77028
1440566048 77028
1440705012 77028
1440812232 77028
1440812289 77138
1441002114 77138
1441002148 77237
1441032720 77237
1441032783 77238
1441639745 77240
1441639764 77476
1441684213 77476
1441684621 77539
1442152498 77555
1442152536 77558
1442199232 116750
1442200628 116750
1442208256 116753
1442236434 116753
1442415256 116867
1442420292 116866
1442421412 116864
1442421940 116864
1442422431 116864
1442423086 117002
1442447390 117147
1442456068 117147
1442456119 117147
1442458007 117159
1442471741 117192
1442494046 117195
1442632010 117288
1442754680 117407
1442791251 117407
1442929655 117427
1442970915 117427
1442971246 117427
1443061244 120818
1443204429 120822
1443210348 120822
1443229118 120823
1443418011 120996
1443418858 120991
1443485844 120991
1443491108 120991
1443723562 120992
1443724120 120992
1443884796 128136
1443885136 120992
1443887186 128135
1444001303 128135
1444015641 128274
1444020629 128258
1444020649 128299
1444059197 128300
1444093670 121157
1444247382 121157
1444344293 121319
1444369640 121309
1444530661 121343
1444660416 121347
1444934035 121365
1445283748 121384
1446472345 121690
1446578103 121691
1446578785 121692
1446602726 121692
1447307950 121692
1447308032 122204
1447343441 122205
1447795154 122206
1447820047 122337
1447867892 122321
1447868107 122321
1447971697 122312
1448662847 122315
1449680391 122346
1450817465 122358
1452184191 122487
1453750815 122824
1453922615 123186
1454024812 123184
1454126749 123195
1454531746 123190
1454976951 123196
1455050731 124030
1455054443 124026
1455072123 124040
1455117454 124044
1455219171 124063
1455231159 124069
1455296267 124391
1455296821 124391
1455579273 124391
1455657692 124938
1455806235 124941
1455806368 124941
1455826584 125070
1455851442 125070
1455907765 125070
1456156909 125067
1456239292 125071
1456287159 125120
1456287210 125118
1456586303 125118
1456606988 125121
1456607017 125491
1456724739 134870
1456725138 134870
1456895329 134873
1456940384 134884
1456954960 134885
1456955556 134885
1457015972 134885
1457125514 134937
1457126964 134936
1457127910 134937
1457175499 134938
1457306189 125559
1457379589 125592
1457381593 125592
1457383107 125593
1457383143 125592
1457484185 125704
1457677426 125704
