1442342804 252
1442343005 9951
1442360536 9942
1442363236 9939
1442373001 9939
1442374520 251997
1442506270 251976
1442602736 251987
1442721571 252004
1442813535 252011
1442866723 252014
1442872084 252016
1442872186 252016
1442873949 7224595
1442901335 7224730
1443330828 7224736
1443332804 7224752
1443332880 7224752
1443474620 7224814
1443535556 7224999
1443541713 7224999
1443814457 7225026
1443816646 7225028
1443938439 7224912
1444005905 7225034
1444271941 7225055
1444273559 7225054
1444273753 7225000
1444274247 7225001
1444343548 7225039
1444364393 7225053
1444369942 7225123
1444409305 7225134
1444419861 7225169
1444421489 7225187
1444595648 7246654
1444600036 7246654
1444796116 7225261
1444969768 7097420
1444969813 7222575
1444970452 7222570
1445015698 7222588
1445020079 7222575
1445023252 7112263
1445039997 7112264
1445040483 7112264
1445040592 7152710
1445041069 7152618
1445041194 7152618
1445059614 7152479
1445147336 7152525
1445621836 7152525
1445805928 7153483
1445810044 7153496
1445810199 7278636
1445838516 7278872
1445961031 7278903
1446271116 7278904
1446420910 7278769
1446443573 7278772
1447393505 7278802
1447443736 7278804
1447443924 7278802
1447443931 7278802
1447445425 7278797
1449160970 7278814
1449160974 7278828
1449970922 7278841
1450389707 7278863
1450389714 7278871
1450396147 7278885
1453616665 7278885
1453963645 7279850
1453965078 7279852
1454390171 7279860
1454567135 7279874
1454601958 7269755
1454602062 7269755
1454782491 7269769
1455171642 7269826
1455400537 7269832
1455421343 7269920
1456036062 7270038
1456282563 7270052
1456297161 7270053
1456681920 7270052
1457074682 7270056
